20170415;-159;139;10;-10;-0.0840001;-0.3;
20170415;-222;190;10;-10;-0.012;-0.15;
20170415;-154;135;10;64.9351; 0.055;0.45;
20170415;219;-256;-256;-10;-0.065;-0.7;
20170416;169;-196;-196;-10;-0.051;0.0799999;
20170416;148;-169;-169;-10;-0.048;-0.54;
20170416;-179;154;10;55.8659; 0.00400001;-0.0700002;
20170416;-175;152;10;57.1429; 0.092;0.18;
20170416;191;-227;-227;191;0.019;-0.36;
20170415;-175;152;10;57.1429; 0.000999987;-0.45;
20170415;-172;150;10;-10;-0.134;-1.86;
20170417;-154;134;10;64.9351; 0.099;0.94;
20170417;-167;145;10;59.8802; 0.147;1.36;
20170418;-185;160;10;54.0541; 0.055;0.83;
20170418;135;-156;-156;135;0.022;-0.0500002;
20170418;171;-200;-200;171;0.00600004;-0.02;
20170418;154;-179;-179;154;0.163;1.55;
20170418;158;-179;-179;-10;-0.14;-1.48;
20170417;137;-159;-159;-10;-0.026;0.23;
20170417;-154;134;10;64.9351; 0.063;0.73;
20170417;175;-204;-204;175;0.069;0.62;
20170419;-182;159;10;-10;-0.00800002;0.04;
20170419;-238;200;10;42.0168; 0.132;1.17;
20170418;152;-175;-175;-10;-0.063;-1;
20170418;129;-152;-152;-10;-0.082;-0.89;
20170418;-182;156;10;-10;-0.086;-0.79;
20170420;-164;141;10;60.9756; 0.111;1.57;
20170420;160;-185;-185;160;0.016;0.18;
20170420;-167;145;10;59.8802; 0.095;0.83;
20170420;-175;152;10;57.1429; 0.135;1.19;
20170419;-250;215;10;40; 0.047;0.86;
20170419;-182;156;10;54.9451; 0.081;0.62;
20170421;-179;156;10;-10;-0.00800002;-0.0999999;
20170422;-238;204;10;42.0168; 0.13;1.61;
20170422;-179;156;10;55.8659; 0.000999987;-0.0300002;
20170421;-161;142;10;62.1118; 0.117;1.5;
20170423;-154;135;10;-10;-0.014;-1.03;
20170423;-208;179;10;48.0769; 0.068;1.91;
20170423;166;-192;-192;-10;-0.157;-1.94;
20170423;154;-179;-179;-10;-0.00300002;-0.22;
20170422;-154;135;10;64.9351; 0.056;0.25;
20170423;-159;138;10;62.8931; 0.131;0.9;
20170425;133;-152;-152;133;0.027;0.46;
20170424;-152;129;10;65.7895; 0.107;2.1;
20170424;-159;141;10;-10;-0.06;-0.96;
20170426;138;-159;-159;-10;-0.089;-1.95;
20170425;-244;206;10;40.9836; 0.08;0.75;
20170425;136;-156;-156;-10;-0.038;-0.26;
20170425;134;-154;-154;134;0.059;1.25;
20170427;-196;167;10;51.0204; 0.046;0.2;
20170427;158;-182;-182;158;0.056;1.1;
20170427;-189;163;10;-10;-0.00199997;0.42;
20170427;-200;174;10;50; 0.046;0.2;
20170427;145;-167;-167;145;0.05;-0.21;
20170428;170;-196;-196;-10;-0.032;-0.0200005;
20170427;-196;171;10;51.0204; 0.11;2;
20170429;-164;143;10;60.9756; 0.02;0.97;
20170429;150;-172;-172;-10;-0.069;-0.74;
20170429;-172;149;10;58.1395; 0.021;-0.0799999;
20170429;141;-161;-161;-10;-0.064;-0.62;
20170429;-179;154;10;55.8659; 0.069;1.04;
20170429;160;-185;-185;-10;-0.171;-2.03;
20170428;-185;161;10;-10;-0.027;-0.58;
20170428;145;-167;-167;-10;-0.018;-0.76;
20170428;-172;148;10;58.1395; 0.055;0.55;
20170430;-204;175;10;-10;-0.012;-0.4;
20170430;150;-175;-175;150;0.025;0.61;
20170430;-200;174;10;50; 0.059;0.67;
20170430;-164;142;10;60.9756; 0.018;-0.0299997;
20170429;-227;193;10;-10;-0.016;-0.46;
20170501;156;-182;-182;-10;-0.159;-2.01;
20170502;-233;199;10;42.9185; 0.00500005;-0.62;
20170502;-192;168;10;52.0833; 0.13;1.69;
20170501;208;-244;-244;-10;-0.112;-0.96;
20170501;-189;163;10;-10;-0.088;-1.52;
20170501;141;-161;-161;141;0.061;1.07;
20170501;-227;191;10;44.0529; 0.076;-0.0799999;
20170501;149;-172;-172;-10;-0.015;-0.47;
20170503;-159;138;10;-10;-0.019;-0.38;
20170502;-175;152;10;57.1429; 0.097;0.89;
20170502;-192;167;10;-10;-0.05;-1.1;
20170502;-222;190;10;-10;-0.009;0.13;
20170504;133;-154;-154;133;0.038;1.03;
20170504;-185;163;10;54.0541; 0.019;0.34;
20170504;131;-152;-152;131;0.053;1.2;
20170504;135;-156;-156;-10;-0.091;-0.43;
20170504;-286;242;10;34.965; 0.089;1.38;
20170503;144;-164;-164;-10;-0.107;-1.14;
20170503;-159;138;10;-10;-0.075;-1.44;
20170503;-185;160;10;54.0541; 0.069;0.11;
20170503;-227;195;10;44.0529; 0.016;0.32;
20170505;131;-152;-152;-10;-0.058;-0.48;
20170505;-182;159;10;54.9451; 0.024;0.15;
20170505;-161;141;10;62.1118; 0.113;1.69;
20170504;-152;133;10;65.7895; 0.052;0.82;
20170506;-217;187;10;46.083; 0.023;0.22;
20170506;-164;144;10;-10;-0.076;-1.03;
20170505;-172;150;10;58.1395; 0.0689999;0.68;
20170505;149;-172;-172;-10;-0.125;-1.67;
20170507;-152;136;10;65.7895; 0.052;0.39;
20170507;-179;156;10;-10;-0.011;-0.51;
20170506;-238;202;10;42.0168; 0.082;0.86;
20170508;-154;134;10;64.9351; 0.085;1.79;
20170509;145;-167;-167;-10;-0.107;-1.34;
20170509;-182;156;10;54.9451; 0.054;0.38;
20170509;139;-159;-159;-10;-0.132;-1.74;
20170508;-233;197;10;42.9185; 0.041;0.97;
20170510;-185;161;10;54.0541; 0.104;1.26;
20170510;138;-159;-159;-10;-0.065;-0.55;
20170510;-169;149;10;59.1716; 0.121;1.65;
20170510;-152;131;10;65.7895; 0.039;-0.04;
20170510;-204;177;10;49.0196; 0.063;0.45;
20170509;-192;167;10;52.0833; 0.062;1.28;
20170509;-196;169;10;51.0204; 0.05;0.3;
20170511;-152;134;10;-10;-0.099;-1.36;
20170510;-222;188;10;45.045; 0.072;1.27;
20170510;-200;171;10;50; 0.039;0.94;
20170512;142;-164;-164;-10;-0.037;-0.15;
20170513;-179;154;10;55.8659; 0.082;1.4;
20170513;140;-161;-161;140;0.022;0.41;
20170513;-256;221;10;39.0625; 0.028;0.12;
20170512;-159;136;10;-10;-0.152;-1.9;
20170512;-204;175;10;49.0196; 0.013;0.11;
20170514;-217;186;10;46.083; 0.086;1.41;
20170514;131;-152;-152;-10;-0.099;-1.3;
20170514;-204;175;10;49.0196; 0.009;0.42;
20170514;149;-172;-172;-10;-0.035;-0.2;
20170514;163;-189;-189;-10;-0.086;-1.41;
20170514;-169;147;10;-10;-0.028;-0.5;
20170513;143;-164;-164;-10;-0.097;-1.36;
20170515;-161;141;10;-10;-0.017;-0.28;
20170516;-167;144;10;59.8802; 0.057;0.73;
20170516;-154;134;10;64.9351; 0.175;2.42;
20170516;140;-161;-161;140;0.014;0.24;
20170515;-204;175;10;-10;-0.005;-0.4;
20170517;-182;158;10;54.9451; 0.119;1.46;
20170517;147;-167;-167;147;0.024;0.28;
20170517;-159;138;10;62.8931; 0.072;0.96;
20170516;137;-156;-156;-10;-0.127;-1.52;
20170516;-182;159;10;54.9451; 0.00199997;-0.34;
20170516;-169;147;10;59.1716; 0.045;-0.15;
20170516;-200;173;10;-10;-0.058;-0.24;
20170516;-182;158;10;-10;-0.058;-0.0900002;
20170518;-208;181;10;-10;-0.047;-0.0799999;
20170517;-179;154;10;55.8659; 0.00200003;-0.31;
20170517;-189;163;10;-10;-0.047;-0.13;
20170519;148;-172;-172;-10;-0.102;-1.34;
20170519;-167;146;10;59.8802; 0.046;0.93;
20170519;135;-156;-156;-10;-0.029;-0.11;
20170519;149;-172;-172;149;0.061;0.34;
20170518;-200;173;10;50; 0.053;0.8;
20170518;-172;149;10;58.1395; 0.063;0.54;
20170520;-159;138;10;62.8931; 0.044;0.58;
20170520;189;-222;-222;-10;-0.089;-1.24;
20170519;-238;204;10;42.0168; 0.058;0.9;
20170519;-154;134;10;64.9351; 0.114;1.39;
20170519;165;-192;-192;-10;-0.016;-0.52;
20170521;-196;171;10;51.0204; 0.054;0.88;
20170521;-213;179;10;-10;-0.066;-0.4;
20170521;-175;152;10;57.1429; 0.11;1.02;
20170521;-189;163;10;52.9101; 0.075;1.14;
20170520;154;-179;-179;-10;-0.061;-1;
20170520;148;-169;-169;-10;-0.048;-0.52;
20170522;-196;167;10;51.0204; 0.141;2.29;
20170523;-196;168;10;51.0204; 0.017;-0.22;
20170523;-172;149;10;-10;-0.053;-0.77;
20170523;-167;146;10;59.8802; 0.098;1.57;
20170523;-152;131;10;65.7895; 0.089;1.14;
20170522;-208;177;10;48.0769; 0.081;0.42;
20170522;184;-217;-217;-10;-0.102;-1.65;
20170524;-294;250;10;34.0136; 0.016;-0.1;
20170524;143;-164;-164;-10;-0.08;-1.66;
20170524;-204;175;10;49.0196; 0.14;2.13;
20170524;-154;135;10;64.9351; 0.104;1.32;
20170524;171;-196;-196;171;0.052;0.72;
20170523;-256;215;10;39.0625; 0.027;0.53;
20170523;-167;147;10;59.8802; 0.087;0.51;
20170523;-233;196;10;42.9185; 0.035;0.12;
20170525;-204;175;10;49.0196; 0.021;0.0100002;
20170525;135;-156;-156;-10;-0.076;-1.61;
20170525;-159;137;10;62.8931; 0.056;0.45;
20170524;149;-172;-172;-10;-0.041;-0.2;
20170524;-185;160;10;54.0541; 0.104;1.59;
20170526;-167;145;10;59.8802; 0.034;0.41;
20170526;150;-172;-172;-10;-0.08;-1.03;
20170526;143;-164;-164;-10;-0.061;-1.37;
20170526;-256;214;10;39.0625; 0.158;2.23;
20170527;-200;174;10;50; 0.0459999;0.38;
20170527;148;-169;-169;-10;-0.071;-0.97;
20170527;-263;219;10;38.0228; 0.165;2.26;
20170528;-164;142;10;60.9756; 0.027;0.13;
20170528;-200;173;10;-10;-0.109;-1.16;
20170528;-227;192;10;44.0529; 0.051;0.43;
20170528;169;-196;-196;-10;-0.045;-0.57;
20170528;150;-172;-172;150;0.013;0.44;
20170528;-179;154;10;55.8659; 0.052;1.27;
20170529;-161;141;10;62.1118; 0.018;0.18;
20170529;-208;179;10;-10;-0.077;-0.92;
20170529;189;-222;-222;-10;-0.086;-1.4;
20170529;-270;225;10;37.037; 0.009;0.34;
20170529;149;-169;-169;-10;-0.03;-0.12;
20170530;-196;170;10;-10;-0.054;-0.61;
20170530;-156;136;10;64.1026; 0.06;0.92;
20170530;-167;145;10;59.8802; 0.014;0.37;
20170531;172;-200;-200;172;0.019;-0.04;
20170531;140;-161;-161;-10;-0.021;-0.46;
20170531;190;-222;-222;-10;-0.08;-1.21;
20170530;-172;148;10;58.1395; 0.027;0.0999999;
20170601;-222;189;10;45.045; 0.014;0.41;
20170531;-169;147;10;59.1716; 0.175;2.18;
20170531;-182;156;10;-10;-0.035;-0.71;
20170602;-192;167;10;52.0833; 0.013;0.04;
20170602;-185;159;10;-10;-0.00100005;0.46;
20170603;-175;152;10;57.1429; 0.085;0.71;
20170603;154;-179;-179;-10;-0.038;-0.61;
20170603;-159;138;10;-10;-0.00300002;-0.0799999;
20170603;-154;134;10;64.9351; 0.00199997;0.46;
20170603;161;-185;-185;-10;-0.073;-1;
20170602;-217;185;10;-10;-0.00699997;-0.11;
20170604;-175;152;10;57.1429; 0.00299996;0.5;
20170604;-189;164;10;52.9101; 0.017;0.34;
20170604;-256;217;10;39.0625; 0.0420001;0.39;
