Jose Abreu;2407;0.5;0.84;0.352;0.238;9.4; 0.46; 0.816; 0.348; 0.159;10.5
Dustin Ackley;7677;0.154;0.421;0.209;0;5.1; 0.146; 0.382; 0.187; 0;3.8
Cristhian Adames;2418;0.319;0.611;0.27;0.097;7.6; 0.294; 0.604; 0.276; 0.078;6
Matt Adams;3223;0.522;0.822;0.339;0.239;14.3; 0.462; 0.773; 0.329; 0.219;9.2
Ehire Adrianza;6297;0.5;0.853;0.365;0.147;6; 0.241; 0.484; 0.226; 0.103;7
Jesus Aguilar;2415;0;0;0;0;0; 0; 0; 0; 0;0
Nick Ahmed;2500;0.366;0.633;0.272;0.122;6.4; 0.272; 0.536; 0.234; 0.064;5.2
Hanser Alberto;2573;0.136;0.273;0.12;0;2.3; 0.176; 0.324; 0.14; 0.029;3.1
Arismendy Alcantara;2402;0.167;0.333;0.146;0;9; 0.308; 0.538; 0.231; 0.077;2
Jorge Alfaro;2667;0;0.333;0;0;3; 0.143; 0.286; 0.125; 0;1
Abraham Almonte;7802;0.456;0.771;0.327;0.177;8.9; 0.368; 0.649; 0.274; 0.114;9.7
Albert Almora Jr.;2703;0.548;0.827;0.344;0.286;8.8; 0.4; 0.724; 0.314; 0.114;8.1
Yonder Alonso;3196;0.333;0.617;0.269;0.106;6.7; 0.373; 0.694; 0.303; 0.116;7.6
Aaron Altherr;2451;0.375;0.723;0.322;0.125;10.1; 0.272; 0.565; 0.256; 0.082;7.8
Jose Altuve;4252;0.494;0.885;0.378;0.188;11.4; 0.544; 0.942; 0.395; 0.196;13.7
Dariel Alvarez;2604;0.667;1;0.414;0.334;6; 0; 1; 0.691; 0;0
Pedro Alvarez;5195;0.368;0.654;0.282;0.131;16.9; 0.522; 0.848; 0.358; 0.271;9.8
Alexi Amarista;4243;0.15;0.293;0.125;0;0; 0.292; 0.612; 0.269; 0.017;6.3
Tim Anderson;2704;0.457;0.797;0.342;0.131;9.9; 0.425; 0.721; 0.308; 0.155;9.2
Robert Andino;6172;0.273;0.545;0.24;0;4.6; 0.308; 0.615; 0.27; 0;9.3
Elvis Andrus;6222;0.491;0.891;0.377;0.146;10.4; 0.423; 0.773; 0.335; 0.133;9.7
Norichika Aoki;7738;0.258;0.557;0.256;0.031;4; 0.428; 0.793; 0.346; 0.128;10.4
Orlando Arcia;2658;0.457;0.845;0.368;0.174;10.4; 0.329; 0.564; 0.243; 0.129;7.1
Oswaldo Arcia;7776;0.27;0.539;0.244;0.081;6.6; 0.388; 0.659; 0.284; 0.182;7.8
Nolan Arenado;5219;0.503;0.875;0.36;0.236;12.4; 0.593; 0.951; 0.395; 0.289;13.5
Cody Asche;5233;0.364;0.734;0.332;0.137;9.2; 0.349; 0.621; 0.271; 0.138;7.2
Carlos Asuaje;2748;0.333;0.556;0.236;0.111;4.8; 0.267; 0.517; 0.231; 0.067;7
Tyler Austin;2727;0.652;1.097;0.46;0.304;10.5; 0.383; 0.621; 0.266; 0.183;7.9
Alex Avila;2309;0.4;0.844;0.385;0.15;8.4; 0.369; 0.715; 0.32; 0.161;7.4
Mike Aviles;6213;0.219;0.48;0.221;0.016;5.8; 0.301; 0.558; 0.246; 0.087;5.8
Erick Aybar;6182;0.288;0.532;0.226;0.054;5.5; 0.332; 0.655; 0.287; 0.085;7
Javier Baez;2513;0.475;0.85;0.359;0.164;9.9; 0.401; 0.689; 0.297; 0.143;9.8
Jett Bandy;2613;0.424;0.696;0.296;0.221;6.8; 0.38; 0.664; 0.286; 0.133;7.9
Austin Barnes;2571;0.333;0.795;0.376;0.111;8.5; 0.13; 0.297; 0.139; 0;3
Brandon Barnes;7758;0.296;0.519;0.222;0.074;5; 0.329; 0.589; 0.256; 0.11;5.9
Darwin Barney;6240;0.418;0.779;0.336;0.112;7.6; 0.348; 0.649; 0.284; 0.099;5.7
Tucker Barnhart;2411;0.305;0.546;0.233;0.098;7.9; 0.4; 0.744; 0.318; 0.129;7.8
Jose Bautista;5130;0.429;0.752;0.327;0.209;11.9; 0.458; 0.834; 0.361; 0.22;10.9
Gordon Beckham;6229;0.364;0.667;0.287;0.143;8.8; 0.339; 0.629; 0.278; 0.131;6.5
Tim Beckham;6270;0.448;0.792;0.342;0.172;7.8; 0.423; 0.688; 0.292; 0.198;9.9
Josh Bell;2670;0.211;0.515;0.243;0;6.2; 0.44; 0.82; 0.356; 0.156;8.1
Brandon Belt;3211;0.492;0.883;0.381;0.213;11.6; 0.466; 0.861; 0.37; 0.193;10.2
Carlos Beltran;7023;0.589;0.97;0.407;0.251;8; 0.484; 0.805; 0.34; 0.205;11.6
Adrian Beltre;5006;0.602;1.004;0.418;0.271;12.4; 0.498; 0.842; 0.357; 0.207;10.7
Andrew Benintendi;2722;0.179;0.429;0.202;0;2.5; 0.584; 0.984; 0.416; 0.246;10.9
James Beresford;2739;0;1;0.691;0;0; 0.273; 0.5; 0.216; 0.046;3.5
Christian Bethancourt;2390;0.366;0.677;0.298;0.122;4; 0.368; 0.62; 0.266; 0.144;8.1
Mookie Betts;2499;0.512;0.814;0.341;0.248;12; 0.54; 0.917; 0.388; 0.209;14.1
Charlie Blackmon;7711;0.451;0.843;0.368;0.12;13; 0.596; 0.972; 0.405; 0.276;14
Andres Blanco;6152;0.289;0.551;0.243;0.078;4.9; 0.434; 0.764; 0.331; 0.171;10
Gregor Blanco;7607;0.339;0.686;0.298;0.097;7.2; 0.302; 0.597; 0.263; 0.084;7.2
Jabari Blash;2676;0.353;0.603;0.266;0.235;1; 0.315; 0.627; 0.287; 0.13;9.5
Xander Bogaerts;6295;0.48;0.873;0.378;0.176;11.9; 0.438; 0.785; 0.34; 0.146;11.3
Emilio Bonifacio;4195;0.333;0.833;0.392;0;0; 0.2; 0.443; 0.204; 0;4.4
Julio Borbon;7654;0.5;1;0.439;0;6.2; 0.222; 0.444; 0.195; 0;3
Justin Bour;2492;0.3;0.533;0.229;0.067;3; 0.496; 0.857; 0.356; 0.228;9.4
Peter Bourjos;7692;0.361;0.695;0.3;0.06;7.5; 0.397; 0.676; 0.289; 0.162;7
Michael Bourn;7556;0.457;0.844;0.363;0.1;12.1; 0.351; 0.648; 0.284; 0.108;9.3
Jackie Bradley Jr.;7773;0.36;0.673;0.294;0.116;8.1; 0.538; 0.902; 0.378; 0.261;11.5
Michael Brantley;7662;0.571;0.821;0.311;0.285;6; 0.219; 0.504; 0.221; 0;9.2
Ryan Braun;5163;0.598;1.01;0.417;0.254;15.6; 0.519; 0.869; 0.365; 0.226;11.1
Alex Bregman;2720;0.429;0.735;0.314;0.179;10.7; 0.497; 0.813; 0.344; 0.228;12.1
Bryce Brentz;2400;0.405;0.738;0.322;0.119;7.4; 0.316; 0.579; 0.25; 0.053;1.5
Reid Brignac;6215;0.333;0.667;0.293;0;0; 0.269; 0.462; 0.197; 0.077;3
Socrates Brito;2618;0.083;0.167;0.073;0;0; 0.398; 0.609; 0.256; 0.205;7.7
Trevor Brown;2624;0.381;0.679;0.296;0.127;7.5; 0.355; 0.628; 0.274; 0.128;7.1
Keon Broxton;2626;0.506;0.916;0.395;0.217;12.5; 0.379; 0.694; 0.306; 0.169;8.3
Jay Bruce;7616;0.411;0.678;0.289;0.189;8.2; 0.546; 0.872; 0.361; 0.284;11.7
Kris Bryant;2554;0.641;1.06;0.438;0.327;12.7; 0.523; 0.896; 0.382; 0.239;13.2
Billy Burns;2510;0.367;0.685;0.299;0.089;9.2; 0.272; 0.526; 0.229; 0.052;6.8
Emmanuel Burriss;6207;0;0;0;0;0; 0.216; 0.436; 0.202; 0.081;2.2
Nick Buss;7806;0;0;0;0;5.1; 0.424; 0.722; 0.305; 0.182;6.7
Drew Butera;2322;0.321;0.555;0.24;0.142;6.2; 0.526; 0.883; 0.376; 0.21;8.6
Billy Butler;7578;0.408;0.739;0.316;0.128;7; 0.424; 0.765; 0.332; 0.136;8.1
Byron Buxton;2579;0.436;0.735;0.311;0.213;7.8; 0.426; 0.704; 0.3; 0.201;9.6
Marlon Byrd;7392;0.553;0.962;0.401;0.185;9.5; 0.403; 0.685; 0.29; 0.182;9
Asdrubal Cabrera;6200;0.464;0.835;0.356;0.143;11.1; 0.477; 0.803; 0.342; 0.208;9.1
Melky Cabrera;7513;0.496;0.847;0.36;0.174;11.4; 0.445; 0.788; 0.338; 0.156;9.4
Miguel Cabrera;5125;0.517;0.926;0.385;0.215;12; 0.578; 0.966; 0.403; 0.257;12.2
Ramon Cabrera;2421;0.289;0.558;0.233;0.052;4.2; 0.376; 0.658; 0.283; 0.128;8.1
Lorenzo Cain;7690;0.596;1.016;0.418;0.225;13.3; 0.354; 0.668; 0.294; 0.091;9.3
Kole Calhoun;7752;0.465;0.83;0.359;0.175;10.7; 0.428; 0.77; 0.334; 0.164;9.8
Eric Campbell;2487;0.212;0.537;0.247;0;1.7; 0.238; 0.488; 0.228; 0.095;7.6
Jeimer Candelario;2640;0;0.5;0;0;6; 0.1; 0.35; 0.191; 0;3
Mark Canha;2542;0.474;0.632;0.258;0.316;9; 0.227; 0.352; 0.151; 0.136;5.4
Robinson Cano;4170;0.453;0.77;0.33;0.178;10.9; 0.584; 0.955; 0.396; 0.272;12.3
Stephen Cardullo;2733;0.345;0.635;0.278;0.104;5.5; 0.481; 0.696; 0.287; 0.296;32.2
Matt Carpenter;5203;0.446;0.809;0.351;0.176;11.4; 0.532; 0.92; 0.386; 0.261;11.5
Ezequiel Carrera;7700;0.452;0.824;0.357;0.123;7.1; 0.32; 0.626; 0.282; 0.102;9.4
Chris Carter;3201;0.537;0.875;0.368;0.313;11.3; 0.487; 0.803; 0.339; 0.265;10.8
Curt Casali;2506;0.432;0.737;0.318;0.202;9.3; 0.289; 0.547; 0.244; 0.125;4.8
Nick Castellanos;5217;0.414;0.656;0.275;0.207;8.2; 0.529; 0.894; 0.378; 0.214;10.5
Rusney Castillo;2535;0;0;0;0;0; 0.429; 0.714; 0.303; 0.143;6
Welington Castillo;2328;0.522;0.868;0.367;0.244;10.6; 0.385; 0.698; 0.301; 0.126;9.1
Daniel Castro;2581;0.235;0.481;0.215;0.019;4.5; 0.19; 0.428; 0.192; 0;5
Jason Castro;2318;0.241;0.478;0.219;0.092;6; 0.426; 0.757; 0.329; 0.195;7.7
Starlin Castro;6233;0.432;0.74;0.318;0.167;8.5; 0.434; 0.731; 0.311; 0.162;9.1
Darrell Ceciliani;2570;0;0.222;0.157;0;1.5; 0.25; 0.4; 0.168; 0.1;4.6
Juan Centeno;2391;0.295;0.562;0.247;0.045;1.8; 0.424; 0.751; 0.325; 0.159;8.6
Francisco Cervelli;2295;0.404;0.888;0.401;0.019;8; 0.307; 0.663; 0.303; 0.066;8
Yoenis Cespedes;7734;0.624;1.081;0.441;0.283;10.6; 0.51; 0.839; 0.352; 0.244;11.6
Robinson Chirinos;2344;0.458;0.792;0.343;0.291;13.2; 0.488; 0.797; 0.337; 0.252;7.7
Lonnie Chisenhall;5205;0.348;0.642;0.282;0.131;9.1; 0.451; 0.784; 0.333; 0.156;8.8
Ji-Man Choi;2462;0;0.25;0.173;0;0; 0.349; 0.621; 0.27; 0.175;7.3
Shin-Soo Choo;7500;0.587;1.016;0.432;0.283;11.2; 0.333; 0.665; 0.299; 0.113;10.1
Steve Clevenger;2356;0;0;0;0;0; 0.328; 0.648; 0.291; 0.094;6.6
Jason Coats;2702;0.64;1.047;0.44;0.28;8.4; 0.04; 0.24; 0.146; 0;2.2
Chris Coghlan;4223;0.16;0.427;0.215;0.04;0; 0.335; 0.627; 0.275; 0.14;7
Chris Colabello;3236;0;0;0;0;1; 0.105; 0.333; 0.175; 0;3
Tyler Collins;2479;0.111;0.311;0.157;0;3.2; 0.45; 0.78; 0.334; 0.184;8.3
Christian Colon;2433;0.34;0.648;0.289;0.106;4.6; 0.27; 0.557; 0.252; 0.04;6.8
Michael Conforto;2590;0.125;0.295;0.142;0.021;5; 0.469; 0.804; 0.343; 0.227;9.2
Hank Conger;2336;0.375;0.708;0.312;0.125;3; 0.302; 0.562; 0.25; 0.112;5.3
Willson Contreras;2639;0.5;0.854;0.365;0.189;7.7; 0.483; 0.841; 0.362; 0.213;10.6
Carlos Correa;2576;0.385;0.73;0.319;0.149;9.5; 0.473; 0.839; 0.36; 0.186;11.4
Kaleb Cowart;2598;0.412;0.706;0.301;0.118;6.1; 0.221; 0.378; 0.162; 0.074;4.8
Collin Cowgill;7714;0;0.1;0.069;0;0.8; 0.333; 0.833; 0.392; 0;0
Zack Cozart;6274;0.453;0.737;0.31;0.227;8.9; 0.416; 0.731; 0.313; 0.156;10
Brandon Crawford;6253;0.381;0.713;0.311;0.105;9.2; 0.454; 0.801; 0.334; 0.18;10
Carl Crawford;7409;0.083;0.167;0.073;0;0; 0.261; 0.514; 0.229; 0.058;5.1
Coco Crisp;7411;0.347;0.625;0.273;0.133;9.9; 0.411; 0.719; 0.309; 0.175;9.6
C.J. Cron;2484;0.383;0.667;0.284;0.149;6; 0.492; 0.829; 0.353; 0.201;11.6
Nelson Cruz;7532;0.644;1.02;0.419;0.351;11.4; 0.513; 0.864; 0.366; 0.229;12.5
Charlie Culberson;4265;0.417;0.743;0.321;0.104;5.5; 0.263; 0.474; 0.204; 0.052;0
Todd Cunningham;7796;1;1.5;0.621;0.5;12.2; 0.2; 0.354; 0.156; 0.08;5
Cheslor Cuthbert;2434;0.467;0.819;0.352;0.147;9.5; 0.394; 0.701; 0.304; 0.136;7.7
Chase d'Arnaud;6255;0.369;0.681;0.298;0.119;9.7; 0.315; 0.635; 0.282; 0.073;6.5
Travis d'Arnaud;2357;0.19;0.455;0.216;0;5.4; 0.363; 0.682; 0.298; 0.099;6.6
David Dahl;2721;0.375;0.728;0.32;0.062;8; 0.534; 0.895; 0.38; 0.218;12
Matt Davidson;5235;0.5;1;0.439;0;9.7; -1; -1; -1; -1;0
Chris Davis;3177;0.398;0.711;0.312;0.182;10.2; 0.487; 0.828; 0.352; 0.264;10.8
Ike Davis;3198;0;0;0;0;0; 0.231; 0.516; 0.238; 0;2.3
Khris Davis;7769;0.55;0.881;0.367;0.283;11.3; 0.517; 0.815; 0.343; 0.276;11.3
Rajai Davis;7557;0.374;0.67;0.292;0.139;11.9; 0.396; 0.708; 0.308; 0.138;10.5
Alejandro De Aza;7574;0.268;0.581;0.262;0.073;7.4; 0.332; 0.625; 0.279; 0.125;7.8
Jaff Decker;7784;0;0.091;0.063;0;7.8; 0.209; 0.448; 0.206; 0.023;3.6
Ivan De Jesus Jr.;6251;0.233;0.533;0.252;0.047;7.4; 0.331; 0.646; 0.284; 0.061;7.1
Matt den Dekker;7801;0;0;0;0;0; 0.333; 0.648; 0.293; 0.133;8.6
Daniel Descalso;4237;0.419;0.732;0.311;0.186;3.2; 0.425; 0.782; 0.336; 0.154;9.4
Delino DeShields;2543;0.299;0.541;0.237;0.09;6.5; 0.322; 0.614; 0.274; 0.113;9.5
Ian Desmond;6232;0.503;0.874;0.369;0.167;11.9; 0.429; 0.755; 0.326; 0.159;10.7
Aledmys Diaz;2466;0.402;0.725;0.312;0.146;10.9; 0.554; 0.941; 0.393; 0.237;11.7
Elias Diaz;2612;-1;-1;-1;-1;0; 0; 0; 0; 0;3.5
Alex Dickerson;2595;0.383;0.717;0.315;0.116;7.8; 0.477; 0.81; 0.342; 0.223;10.3
Corey Dickerson;7787;0.315;0.589;0.259;0.074;5.7; 0.51; 0.807; 0.334; 0.264;9.9
Derek Dietrich;5230;0.292;0.556;0.248;0.092;4.8; 0.455; 0.852; 0.37; 0.158;8.2
Wilmer Difo;2569;0.474;0.774;0.329;0.211;10.8; 0.333; 0.725; 0.323; 0.051;9.6
Matt Dominguez;5202;0;0.1;0.069;0;1; 0; 0; 0; 0;0
Josh Donaldson;2324;0.519;0.932;0.396;0.24;11.3; 0.558; 0.96; 0.405; 0.272;14.2
Brian Dozier;6275;0.613;0.965;0.397;0.331;12.5; 0.526; 0.862; 0.362; 0.262;13.2
Hunter Dozier;2737;0.25;0.55;0.262;0.125;6.2; 0.273; 0.545; 0.24; 0;9.7
Stephen Drew;6178;0.25;0.485;0.217;0.062;0; 0.559; 0.91; 0.378; 0.283;9.2
Brandon Drury;2605;0.485;0.804;0.339;0.205;10.1; 0.447; 0.779; 0.334; 0.164;9.3
Lucas Duda;7694;0.267;0.454;0.2;0.134;4.5; 0.447; 0.776; 0.328; 0.195;9.3
Matt Duffy;2511;0.359;0.702;0.312;0.098;6.4; 0.357; 0.654; 0.285; 0.1;9.4
Adam Duvall;2459;0.484;0.795;0.335;0.246;11.1; 0.502; 0.795; 0.332; 0.26;11.2
Jarrod Dyson;7697;0.552;1.006;0.432;0.173;19.2; 0.37; 0.698; 0.303; 0.103;9.3
Adam Eaton;7765;0.359;0.726;0.326;0.077;9.8; 0.451; 0.812; 0.35; 0.166;10.5
Brett Eibner;2655;0.4;0.723;0.313;0.187;8.5; 0.318; 0.537; 0.231; 0.14;6.2
A.J. Ellis;2292;0.269;0.566;0.252;0.045;4.6; 0.317; 0.62; 0.275; 0.105;7.2
Jacoby Ellsbury;7588;0.326;0.618;0.271;0.079;8.6; 0.397; 0.744; 0.326; 0.126;9.4
Jake Elmore;4268;0.298;0.705;0.326;0.043;5.7; 0.161; 0.477; 0.243; 0;9.5
Edwin Encarnacion;5132;0.517;0.902;0.385;0.275;10.7; 0.532; 0.881; 0.37; 0.264;13.2
Alcides Escobar;6220;0.32;0.584;0.256;0.098;7.8; 0.36; 0.66; 0.285; 0.087;7.5
Eduardo Escobar;6257;0.306;0.552;0.237;0.099;5.1; 0.353; 0.648; 0.284; 0.104;8.1
Yunel Escobar;6195;0.463;0.845;0.365;0.149;9.2; 0.369; 0.714; 0.314; 0.068;8
Danny Espinosa;6243;0.462;0.712;0.297;0.26;10.7; 0.353; 0.675; 0.293; 0.141;7.8
Andre Ethier;7539;0;0;0;0;0; 0.391; 0.671; 0.274; 0.174;1
Taylor Featherston;2544;0.083;0.298;0.161;0;0; 0.214; 0.357; 0.151; 0.071;9.5
Tim Federowicz;2354;0.545;1.045;0.454;0.09;10.7; 0.1; 0.148; 0.059; 0.05;2.6
Prince Fielder;3149;0.277;0.524;0.234;0.096;9.8; 0.358; 0.667; 0.293; 0.134;7
Cole Figueroa;2488;0.167;0.333;0.146;0;0; 0.15; 0.34; 0.158; 0;9.5
Ryan Flaherty;6272;0.3;0.717;0.335;0;2; 0.321; 0.593; 0.259; 0.117;7.2
Ramon Flores;2447;0.226;0.499;0.229;0;6.9; 0.273; 0.573; 0.257; 0.075;5.6
Wilmer Flores;5234;0.71;1.093;0.455;0.37;12.8; 0.353; 0.642; 0.281; 0.121;7.1
Pedro Florimon;6258;0.4;0.6;0.248;0.2;0; 0.316; 0.566; 0.245; 0.105;8.6
Tyler Flowers;2312;0.398;0.767;0.337;0.14;8.8; 0.431; 0.781; 0.339; 0.154;9.4
Logan Forsythe;4244;0.461;0.775;0.33;0.191;9; 0.439; 0.778; 0.337; 0.176;10.9
Dexter Fowler;7635;0.48;0.876;0.38;0.187;11.1; 0.435; 0.827; 0.363; 0.165;11.6
Maikel Franco;2525;0.524;0.86;0.357;0.238;9.8; 0.4; 0.698; 0.299; 0.154;9.4
Jeff Francoeur;7512;0.414;0.726;0.307;0.143;8; 0.351; 0.636; 0.277; 0.11;8.6
Nick Franklin;6267;0.297;0.554;0.244;0.081;6.7; 0.482; 0.828; 0.354; 0.197;9.8
Adam Frazier;2707;0.417;0.84;0.364;0;13.5; 0.41; 0.753; 0.329; 0.131;7.6
Todd Frazier;4230;0.496;0.803;0.339;0.279;11.6; 0.457; 0.758; 0.323; 0.23;10.8
Freddie Freeman;3194;0.513;0.902;0.384;0.212;9.8; 0.596; 1.001; 0.41; 0.293;13.7
Mike Freeman;2717;0.667;1.417;0.612;0;6; 0.211; 0.411; 0.184; 0.053;4.2
David Freese;5187;0.543;0.963;0.407;0.206;11.9; 0.377; 0.71; 0.315; 0.125;8.1
Eric Fryer;2340;0.333;0.718;0.316;0;7.1; 0.316; 0.64; 0.287; 0.063;5.9
Reymond Fuentes;7800;-1;-1;-1;-1;0; 0.341; 0.705; 0.315; 0.024;5.9
Joey Gallo;2574;0;0.25;0.173;0;0; 0.182; 0.374; 0.184; 0.137;4.1
Freddy Galvis;6261;0.319;0.544;0.233;0.104;8.5; 0.425; 0.715; 0.301; 0.175;8.6
Ben Gamel;2663;0.7;1.162;0.477;0.4;11.4; 0.184; 0.404; 0.188; 0.026;3.8
Adonis Garcia;2568;0.403;0.765;0.332;0.101;7.7; 0.407; 0.7; 0.3; 0.145;9.8
Avisail Garcia;7760;0.374;0.677;0.297;0.152;8.2; 0.389; 0.696; 0.303; 0.137;8
Greg Garcia;2467;0.279;0.577;0.262;0.046;6.8; 0.392; 0.806; 0.356; 0.105;8.1
Leury Garcia;6289;0.176;0.353;0.155;0;3; 0.452; 0.755; 0.322; 0.194;9
Brett Gardner;7624;0.331;0.645;0.286;0.084;9.1; 0.377; 0.745; 0.331; 0.109;9.5
Dustin Garneau;2600;0.308;0.608;0.269;0.077;7.5; 0.405; 0.694; 0.299; 0.167;7.2
Evan Gattis;2373;0.545;0.886;0.366;0.257;12.3; 0.488; 0.795; 0.334; 0.258;9.4
Scooter Gennett;4275;0.375;0.708;0.308;0.115;8.2; 0.42; 0.733; 0.316; 0.156;9.5
Craig Gentry;7663;0.192;0.459;0.222;0.038;3.9; 0.125; 0.25; 0.11; 0;0
Johnny Giavotella;4255;0.278;0.558;0.248;0.02;4.7; 0.414; 0.703; 0.3; 0.153;9.1
Conor Gillaspie;5182;0.364;0.591;0.248;0.137;7.1; 0.45; 0.767; 0.322; 0.184;8.7
Cole Gillespie;7681;0.2;0.478;0.223;0;14.2; 0.444; 0.715; 0.299; 0.194;10.4
Chris Gimenez;2304;0.429;0.736;0.319;0.2;6.4; 0.298; 0.557; 0.246; 0.086;5.1
Tyler Goeddel;2668;0.227;0.448;0.203;0.062;4.9; 0.345; 0.632; 0.278; 0.129;7.2
Ryan Goins;6296;0.194;0.384;0.172;0.027;7.2; 0.333; 0.571; 0.247; 0.143;5.5
Paul Goldschmidt;3217;0.576;1.07;0.449;0.224;14.5; 0.465; 0.85; 0.362; 0.183;12.4
Yan Gomes;2364;0.443;0.74;0.313;0.172;8; 0.282; 0.445; 0.191; 0.155;6.5
Carlos Gomez;7580;0.339;0.63;0.274;0.1;8.3; 0.401; 0.701; 0.304; 0.173;9.2
Adrian Gonzalez;3124;0.31;0.602;0.268;0.066;7.6; 0.488; 0.859; 0.362; 0.185;10.1
Carlos Gonzalez;7617;0.494;0.786;0.331;0.221;9.9; 0.51; 0.883; 0.374; 0.201;11.7
Erik Gonzalez;2416;0.2;0.533;0.262;0;6.2; 0.364; 0.727; 0.319; 0;9
Marwin Gonzalez;6273;0.429;0.724;0.31;0.176;9.1; 0.385; 0.678; 0.292; 0.13;8.7
Brian Goodwin;2688;0.5;0.75;0.311;0.25;0; 0.421; 0.746; 0.321; 0.132;6
Alex Gordon;5158;0.357;0.665;0.296;0.143;9.5; 0.39; 0.704; 0.306; 0.167;8.1
Dee Gordon;6247;0.297;0.579;0.255;0.04;13.8; 0.345; 0.656; 0.286; 0.075;9.6
Anthony Gose;7735;0.12;0.361;0.186;0;6; 0.424; 0.73; 0.314; 0.182;6.9
Tuffy Gosewisch;2380;1;1.444;0.6;0.556;8.5; 0.111; 0.286; 0.144; 0.028;4.6
Phil Gosselin;4277;0.346;0.685;0.304;0.058;9; 0.375; 0.694; 0.302; 0.101;6.7
Yasmani Grandal;2359;0.395;0.78;0.347;0.171;6.8; 0.497; 0.824; 0.351; 0.268;10.3
Curtis Granderson;7492;0.425;0.723;0.312;0.199;10.3; 0.479; 0.826; 0.349; 0.238;10.5
Juan Graterol;2718;0;0;0;0;0; 0.462; 0.769; 0.326; 0.154;5.5
Grant Green;6248;0.5;0.875;0.37;0.179;9.4; 0.167; 0.333; 0.146; 0;6.5
Didi Gregorius;6285;0.473;0.834;0.359;0.149;8.3; 0.437; 0.721; 0.304; 0.179;9
Randal Grichuk;2468;0.488;0.806;0.344;0.248;10.8; 0.477; 0.754; 0.318; 0.237;9.8
Robbie Grossman;7778;0.576;0.994;0.423;0.232;10.8; 0.362; 0.729; 0.329; 0.12;9.5
Yulieski Gurriel;2716;0.317;0.537;0.229;0.097;8.4; 0.416; 0.739; 0.319; 0.135;7.7
Franklin Gutierrez;7523;0.511;0.884;0.378;0.231;9.4; 0.274; 0.456; 0.197; 0.129;11
Brandon Guyer;7706;0.553;1.013;0.437;0.22;10.2; 0.329; 0.631; 0.283; 0.111;7.5
Jedd Gyorko;5214;0.417;0.735;0.32;0.172;9.4; 0.536; 0.836; 0.349; 0.295;11.3
Billy Hamilton;6264;0.31;0.576;0.255;0.089;8.5; 0.356; 0.696; 0.308; 0.081;11.3
Ryan Hanigan;2271;0.107;0.245;0.115;0;2.1; 0.286; 0.548; 0.246; 0.091;7
Mitch Haniger;2729;0.31;0.583;0.249;0.138;8.8; 0.438; 0.76; 0.323; 0.188;8.7
Alen Hanson;2455;0.143;0.286;0.125;0;0; 0.292; 0.599; 0.253; 0.042;8.4
J.J. Hardy;6149;0.452;0.782;0.329;0.183;7.9; 0.392; 0.693; 0.299; 0.123;7.3
Bryce Harper;7701;0.438;0.764;0.322;0.212;11.2; 0.442; 0.833; 0.352; 0.192;11.9
Josh Harrison;4248;0.467;0.81;0.346;0.156;9.7; 0.37; 0.674; 0.29; 0.093;8.6
Jeremy Hazelbaker;2693;0.39;0.585;0.245;0.195;4.2; 0.503; 0.822; 0.342; 0.258;10.1
Chase Headley;5168;0.352;0.686;0.301;0.082;8.7; 0.399; 0.726; 0.315; 0.159;7.9
Ryon Healy;2715;0.552;0.886;0.374;0.239;8.8; 0.515; 0.853; 0.361; 0.213;10.2
Adeiny Hechavarria;6283;0.297;0.57;0.25;0.09;7.8; 0.315; 0.6; 0.258; 0.071;6
Austin Hedges;2565;0.6;1;0.424;0.2;6.2; 0.053; 0.148; 0.076; 0;3.1
Chris Heisey;7668;0.457;0.764;0.326;0.218;7.9; 0.441; 0.722; 0.309; 0.237;9.4
Guillermo Heredia;2678;0.338;0.658;0.293;0.088;9.4; 0.25; 0.669; 0.328; 0;0
Cesar Hernandez;4274;0.399;0.789;0.342;0.058;8.6; 0.391; 0.756; 0.332; 0.112;9
Gorkys Hernandez;7751;0.455;0.788;0.339;0.182;8.6; 0.476; 0.714; 0.298; 0.238;3.1
Enrique Hernandez;2501;0.361;0.668;0.295;0.172;7.8; 0.277; 0.524; 0.234; 0.086;5.5
Marco Hernandez;2637;0.5;1.056;0.467;0;12.5; 0.349; 0.668; 0.296; 0.093;9
Oscar Hernandez;2541;1;1.25;0.504;0.75;0; 0.143; 0.286; 0.125; 0;10.8
Teoscar Hernandez;2726;0.5;0.881;0.379;0.222;9.6; 0.375; 0.632; 0.265; 0.172;7.2
Odubel Herrera;2539;0.278;0.599;0.275;0.042;8.8; 0.467; 0.841; 0.359; 0.164;10.5
Chris Herrmann;2372;0.571;1.071;0.461;0.19;12.4; 0.48; 0.804; 0.338; 0.212;12.4
Jason Heyward;7669;0.286;0.586;0.267;0.079;8; 0.338; 0.647; 0.287; 0.1;8.3
Aaron Hicks;7770;0.271;0.484;0.213;0.11;6; 0.373; 0.691; 0.301; 0.124;7.2
Aaron Hill;5146;0.388;0.745;0.328;0.115;9.9; 0.372; 0.696; 0.304; 0.117;6.1
Bryan Holaday;2367;0.39;0.686;0.293;0.122;7.5; 0.342; 0.616; 0.269; 0.131;6.2
Matt Holliday;7473;0.5;0.797;0.333;0.267;11.9; 0.444; 0.776; 0.336; 0.192;8.9
Brock Holt;6286;0.103;0.342;0.183;0;3; 0.426; 0.762; 0.329; 0.147;8.7
Tyler Holt;2503;0.265;0.615;0.292;0.061;8; 0.308; 0.625; 0.28; 0.062;7.6
Destin Hood;2735;0;0;0;0;0; 0.476; 0.762; 0.322; 0.19;10.1
Eric Hosmer;3215;0.381;0.656;0.28;0.148;9.3; 0.459; 0.813; 0.348; 0.176;10.5
Ryan Howard;3140;0.212;0.355;0.153;0.091;13.5; 0.48; 0.749; 0.313; 0.275;8.9
Jared Hoying;2701;0.167;0.333;0.146;0;0; 0.275; 0.554; 0.249; 0.05;6.2
Nick Hundley;2283;0.556;0.923;0.384;0.223;11.2; 0.379; 0.674; 0.293; 0.158;7.7
Cedric Hunter;7704;0;0;0;0;0; 0.182; 0.325; 0.147; 0.091;3.3
Chris Iannetta;2238;0.376;0.74;0.331;0.128;6.1; 0.298; 0.557; 0.248; 0.113;6.9
Jose Iglesias;6249;0.396;0.704;0.305;0.142;7.7; 0.312; 0.618; 0.274; 0.057;6.5
Ender Inciarte;7771;0.384;0.749;0.33;0.065;9.7; 0.38; 0.726; 0.315; 0.099;9.6
Omar Infante;6136;0.31;0.604;0.263;0.069;6.1; 0.324; 0.598; 0.26; 0.086;6.5
Hernan Iribarren;4201;0.4;0.8;0.351;0;0; 0.45; 0.75; 0.315; 0.15;7.9
Austin Jackson;7645;0.182;0.411;0.193;0.023;5.8; 0.394; 0.741; 0.322; 0.109;7.7
Paul Janish;6211;0.294;0.644;0.299;0.059;4; 0.143; 0.343; 0.163; 0;3
Travis Jankowski;2599;0.179;0.398;0.187;0.024;5.4; 0.359; 0.727; 0.326; 0.084;10.2
John Jaso;2291;0.05;0.258;0.152;0;3; 0.433; 0.795; 0.346; 0.152;8.4
Jon Jay;7683;0.374;0.752;0.335;0.066;9.7; 0.394; 0.713; 0.31; 0.112;8.5
Desmond Jennings;7679;0.299;0.549;0.243;0.105;10.4; 0.376; 0.672; 0.295; 0.173;6.1
Kyle Jensen;2428;0.867;1.2;0.49;0.534;14.3; 0.063; 0.273; 0.157; 0;3
Chris Johnson;5191;0.333;0.618;0.27;0.121;6.8; 0.326; 0.606; 0.264; 0.097;5.9
Kelly Johnson;7505;0.434;0.707;0.302;0.189;12; 0.382; 0.695; 0.301; 0.135;6.8
Adam Jones;7552;0.313;0.58;0.254;0.095;7.1; 0.475; 0.798; 0.338; 0.195;11.2
JaCoby Jones;2734;0.176;0.294;0.125;0.058;4.1; 0.545; 0.909; 0.386; 0.181;19.2
Caleb Joseph;2485;0.083;0.191;0.09;0;3; 0.24; 0.494; 0.224; 0.032;2.9
Tommy Joseph;2361;0.562;0.912;0.383;0.281;11.6; 0.482; 0.774; 0.325; 0.234;10.6
Matt Joyce;7613;0.382;0.763;0.343;0.147;8.6; 0.477; 0.884; 0.381; 0.233;10.8
Aaron Judge;2728;0.067;0.289;0.164;0;5.4; 0.406; 0.679; 0.291; 0.203;8.1
Ryan Kalish;7670;1;2;0.8;0;0; 0.167; 0.452; 0.224; 0;9.2
Jung Ho Kang;2546;0.403;0.757;0.336;0.194;10.8; 0.542; 0.896; 0.378; 0.275;12.4
Munenori Kawasaki;6262;0;0.333;0.23;0;0; 0.529; 1.029; 0.449; 0.117;7.6
Carson Kelly;2738;1;1.667;0.707;0.333;0; 0; 0.091; 0.066; 0;3
Don Kelly;6194;0;0;0;0;0; 0.32; 0.534; 0.224; 0.16;7.3
Ty Kelly;2540;0.474;0.974;0.429;0.106;10.4; 0.282; 0.559; 0.251; 0.103;7.8
Matt Kemp;7550;0.612;0.954;0.387;0.306;13; 0.468; 0.761; 0.319; 0.21;10.5
Tony Kemp;2697;0.19;0.44;0.211;0.047;6.1; 0.354; 0.66; 0.289; 0.122;6.3
Howie Kendrick;4182;0.292;0.626;0.285;0.058;7.4; 0.399; 0.722; 0.312; 0.135;9
Max Kepler;2443;0.322;0.595;0.262;0.119;7.9; 0.468; 0.792; 0.335; 0.22;11.4
Kevin Kiermaier;2473;0.452;0.816;0.353;0.19;7.2; 0.397; 0.718; 0.313; 0.156;10.8
Hyun Soo Kim;2634;0;0.217;0.151;0;1; 0.446; 0.839; 0.367; 0.125;8.5
Ian Kinsler;6164;0.525;0.893;0.38;0.216;10.5; 0.469; 0.809; 0.348; 0.188;12.5
Jason Kipnis;4253;0.464;0.79;0.336;0.182;10.8; 0.471; 0.822; 0.353; 0.199;11
Patrick Kivlehan;2684;0.5;0.722;0.301;0.375;7.2; 0.231; 0.564; 0.27; 0;10.4
Erik Kratz;2326;0.385;0.607;0.257;0.193;5.5; 0.051; 0.102; 0.045; 0;1
Tommy La Stella;2489;0.421;0.856;0.381;0.105;1.5; 0.403; 0.748; 0.326; 0.139;8.3
Tyler Ladendorf;2537;0;0.037;0.026;0;2.2; 0.182; 0.364; 0.16; 0;0
Juan Lagares;7777;0.342;0.65;0.282;0.082;6; 0.42; 0.715; 0.306; 0.203;9.2
Junior Lake;6293;0.526;0.826;0.347;0.263;7.1; 0.188; 0.451; 0.221; 0.063;6.1
Blake Lalli;2365;0.5;1;0.439;0;0; 0.182; 0.273; 0.113; 0.091;0
Ryan LaMarre;2413;0;0;0;0;0; 0; 0.333; 0.23; 0;0
Jake Lamb;2514;0.345;0.625;0.276;0.181;10.2; 0.552; 0.898; 0.374; 0.281;11.6
Brett Lawrie;5201;0.493;0.802;0.337;0.209;10.3; 0.394; 0.704; 0.305; 0.155;8.1
Dae-Ho Lee;2691;0.446;0.775;0.334;0.185;8.2; 0.407; 0.699; 0.3; 0.163;8.1
DJ LeMahieu;4247;0.517;0.931;0.397;0.186;11.8; 0.486; 0.903; 0.39; 0.132;11.3
Sandy Leon;2363;0.612;1.062;0.445;0.239;12.2; 0.427; 0.764; 0.329; 0.141;8.7
Adam Lind;7564;0.36;0.638;0.275;0.12;3.2; 0.442; 0.729; 0.308; 0.203;8.7
Francisco Lindor;6265;0.416;0.748;0.318;0.124;11.2; 0.445; 0.816; 0.351; 0.139;10.6
Jose Lobaton;2306;0.267;0.443;0.2;0.2;8.9; 0.393; 0.737; 0.319; 0.131;6.1
James Loney;3161;0.269;0.487;0.216;0.096;7.3; 0.419; 0.742; 0.317; 0.137;7.4
Evan Longoria;5160;0.447;0.747;0.308;0.199;10.2; 0.543; 0.866; 0.362; 0.263;11
Rafael Lopez;2527;0;0;0;0;0; 0; 0; 0; 0;0
David Lough;7673;0.5;0.75;0.311;0.25;0; 0.302; 0.648; 0.291; 0.064;6.7
Jed Lowrie;4202;0.333;0.667;0.295;0.035;7.5; 0.319; 0.627; 0.278; 0.067;6.8
Jonathan Lucroy;2325;0.483;0.796;0.333;0.25;11.9; 0.505; 0.874; 0.371; 0.195;10.1
Dixon Machado;2572;0.2;0.629;0.323;0;4.6; 0; 0.167; 0.115; 0;0
Manny Machado;6266;0.526;0.919;0.388;0.197;11; 0.535; 0.862; 0.359; 0.252;11.9
Mikie Mahtook;2552;0.409;0.678;0.289;0.151;6.1; 0.227; 0.438; 0.197; 0.067;4.6
Luke Maile;2609;0.455;0.697;0.293;0.213;4.5; 0.326; 0.581; 0.248; 0.105;7
Martin Maldonado;2351;0.339;0.677;0.3;0.102;9.7; 0.356; 0.685; 0.292; 0.168;6.6
Trey Mancini;2745;1.4;1.8;0.729;1;18; 0.25; 0.65; 0.32; 0;0
Manuel Margot;2677;0.462;0.769;0.326;0.154;16.5; 0.375; 0.583; 0.242; 0.167;6.2
Jake Marisnick;7792;0.413;0.701;0.302;0.184;6.7; 0.281; 0.519; 0.229; 0.084;5.5
Nick Markakis;7536;0.309;0.613;0.273;0.066;7.8; 0.435; 0.8; 0.341; 0.155;10
Deven Marrero;2582;0.091;0.258;0.131;0;0; 0; 0.5; 0.345; 0;0
Jefry Marte;2586;0.468;0.798;0.343;0.215;9; 0.486; 0.787; 0.332; 0.235;10
Ketel Marte;2591;0.287;0.525;0.227;0.07;7.9; 0.34; 0.651; 0.285; 0.061;6.8
Starling Marte;7736;0.393;0.73;0.32;0.101;12.6; 0.47; 0.837; 0.358; 0.155;11.9
Leonys Martin;7722;0.386;0.684;0.296;0.125;7.1; 0.374; 0.684; 0.299; 0.134;9.7
Russell Martin;2231;0.367;0.7;0.312;0.147;8.5; 0.408; 0.743; 0.325; 0.174;9.6
J.D. Martinez;7716;0.512;0.861;0.364;0.206;10.8; 0.543; 0.925; 0.39; 0.236;11.4
Jose Martinez;2656;0.583;1.083;0.47;0.083;9.2; 0.25; 0.75; 0.377; 0;3
Michael Martinez;4241;0.278;0.548;0.242;0.028;3.8; 0.323; 0.588; 0.257; 0.092;7.1
Victor Martinez;2175;0.456;0.812;0.352;0.161;9.6; 0.483; 0.832; 0.35; 0.196;9.6
Darin Mastroianni;7720;0;0.222;0.153;0;5.1; 0; 0; 0; 0;0
Jeff Mathis;2226;0.486;0.845;0.362;0.162;7.4; 0.27; 0.498; 0.219; 0.068;5.7
Joe Mauer;2189;0.319;0.61;0.272;0.095;8.8; 0.41; 0.793; 0.343; 0.138;9.7
Bruce Maxwell;2719;0.25;0.45;0.194;0.05;2.3; 0.444; 0.815; 0.352; 0.138;8.3
Cameron Maybin;7534;0.418;0.802;0.353;0.122;10.5; 0.418; 0.801; 0.351; 0.095;11.4
Nomar Mazara;2685;0.27;0.548;0.245;0.036;6.7; 0.459; 0.791; 0.338; 0.185;9.1
Matt McBride;3230;0.385;0.654;0.278;0.116;5; 0.118; 0.284; 0.136; 0;4.6
Brian McCann;2222;0.345;0.662;0.295;0.127;6.7; 0.43; 0.77; 0.334; 0.181;10
James McCann;2522;0.525;0.848;0.357;0.267;8.7; 0.268; 0.511; 0.227; 0.067;5.9
Andrew McCutchen;7639;0.413;0.741;0.315;0.184;12.2; 0.434; 0.772; 0.332; 0.172;9.8
Casey McGehee;5179;0.333;0.7;0.316;0.037;5.7; 0.2; 0.412; 0.183; 0;3.2
Jordy Mercer;6276;0.451;0.829;0.357;0.176;10.8; 0.355; 0.669; 0.29; 0.103;7.5
Whit Merrifield;2699;0.494;0.891;0.379;0.143;13.8; 0.359; 0.657; 0.286; 0.098;7.6
Devin Mesoraco;2350;0.154;0.507;0.266;0;3; 0.162; 0.32; 0.143; 0.027;3.8
Will Middlebrooks;5215;0.3;0.762;0.362;0;5; 0; 0.056; 0.038; 0;2
Brad Miller;6292;0.373;0.682;0.3;0.146;7.8; 0.509; 0.812; 0.342; 0.262;11.1
Yadier Molina;2209;0.42;0.776;0.339;0.116;7.8; 0.429; 0.79; 0.343; 0.121;8.6
Yoan Moncada;2736;0.25;0.5;0.22;0;0; 0.267; 0.517; 0.231; 0.067;6.2
Raul Mondesi;2631;0.195;0.434;0.205;0.049;6.3; 0.319; 0.546; 0.235; 0.117;6.6
Miguel Montero;2241;0.189;0.439;0.207;0;5.3; 0.387; 0.727; 0.314; 0.166;8.5
Adam Moore;2315;-1;-1;-1;-1;0; 0; 0; 0; 0;0
Kendrys Morales;3145;0.56;0.93;0.392;0.23;10.4; 0.423; 0.73; 0.314; 0.192;9.7
Colin Moran;2698;-1;-1;-1;-1;0; 0.174; 0.374; 0.176; 0.044;4.2
Mitch Moreland;3203;0.479;0.799;0.341;0.202;10.6; 0.407; 0.7; 0.299; 0.186;7.9
Justin Morneau;3125;0.528;0.798;0.327;0.25;12.6; 0.407; 0.717; 0.308; 0.15;7.6
Logan Morrison;3197;0.387;0.739;0.328;0.129;7.7; 0.419; 0.731; 0.316; 0.185;9.4
Mike Morse;6168;0;0;0;0;0; 0; 0; 0; 0;0
Brandon Moss;7590;0.375;0.664;0.29;0.143;8.7; 0.525; 0.828; 0.343; 0.302;11
Taylor Motter;2683;0.565;1.03;0.442;0.217;14.1; 0.193; 0.408; 0.192; 0.07;2.1
Mike Moustakas;5204;0.524;0.842;0.356;0.238;12; 0.494; 0.791; 0.335; 0.265;9.1
Steven Moya;2426;0.8;1.467;0.615;0.2;0; 0.483; 0.749; 0.312; 0.247;8.8
Max Muncy;2562;0.2;0.4;0.176;0;0; 0.259; 0.572; 0.265; 0.074;5.6
Daniel Murphy;5176;0.548;0.924;0.383;0.219;12.1; 0.614; 1.01; 0.419; 0.26;13.3
John Ryan Murphy;2385;0.231;0.481;0.219;0.039;4.4; 0.214; 0.381; 0.168; 0.089;3.8
Tom Murphy;2620;0.385;0.651;0.285;0.231;7.8; 0.774; 1.157; 0.475; 0.451;17.2
Wil Myers;7742;0.465;0.814;0.349;0.204;10.5; 0.46; 0.791; 0.339; 0.202;12.6
Mike Napoli;2232;0.451;0.817;0.352;0.189;9.5; 0.471; 0.792; 0.338; 0.242;11.6
Tyler Naquin;2644;0.406;0.775;0.341;0.156;4.5; 0.526; 0.898; 0.378; 0.225;9.5
Omar Narvaez;2712;0.524;0.947;0.4;0.191;9.3; 0.288; 0.617; 0.276; 0.038;6.6
Daniel Nava;7687;0.5;1.167;0.523;0;0; 0.289; 0.579; 0.26; 0.07;6.6
Dioner Navarro;2203;0.389;0.659;0.28;0.167;7.4; 0.294; 0.557; 0.248; 0.093;6.3
Brett Nicholas;2694;0.75;1.25;0.53;0.25;0; 0.5; 0.824; 0.351; 0.281;9.7
Kirk Nieuwenhuis;7744;0.27;0.526;0.242;0.135;6.9; 0.399; 0.732; 0.321; 0.181;8.9
Brandon Nimmo;2662;0.286;0.661;0.306;0;0; 0.333; 0.667; 0.298; 0.06;6.4
Nick Noonan;4271;0;0;0;0;0; 0.176; 0.387; 0.175; 0;2.6
Derek Norris;2358;0.339;0.628;0.275;0.136;9.3; 0.323; 0.565; 0.242; 0.145;6.7
Eduardo Nunez;6241;0.456;0.75;0.317;0.191;12.2; 0.424; 0.76; 0.326; 0.129;11.3
Renato Nunez;2664;0.167;0.333;0.146;0;2; 0; 0; 0; 0;0
Peter O'Brien;2617;0.545;0.719;0.275;0.409;13.7; 0.31; 0.491; 0.2; 0.167;4
Shawn O'Malley;2529;0.347;0.635;0.278;0.102;7.6; 0.295; 0.602; 0.274; 0.081;7.4
Rougned Odor;2486;0.455;0.763;0.324;0.186;7.8; 0.519; 0.811; 0.34; 0.247;12.3
Hector Olivera;2608;0.25;0.5;0.22;0;6; 0.267; 0.502; 0.217; 0.067;6
Matt Olson;2743;0;0;0;0;0; 0.167; 0.527; 0.278; 0.056;5.6
Paulo Orlando;2536;0.486;0.817;0.346;0.179;11.1; 0.369; 0.697; 0.304; 0.069;7.4
Rafael Ortega;7767;0.2;0.4;0.176;0;1.5; 0.303; 0.595; 0.266; 0.067;6.9
David Ortiz;3048;0.485;0.867;0.372;0.172;10.3; 0.665; 1.072; 0.435; 0.35;14.3
Chris Owings;6298;0.481;0.826;0.348;0.175;9.2; 0.395; 0.7; 0.298; 0.128;9.5
Marcell Ozuna;7780;0.595;0.923;0.384;0.306;11; 0.413; 0.732; 0.315; 0.154;9.5
Jordan Pacheco;2352;0.231;0.385;0.163;0.077;0; 0.237; 0.395; 0.167; 0.079;2.6
Angel Pagan;7545;0.426;0.717;0.302;0.16;8.5; 0.414; 0.766; 0.334; 0.132;10.4
Joe Panik;2496;0.301;0.595;0.267;0.075;10.9; 0.411; 0.734; 0.313; 0.166;9.4
Jimmy Paredes;5208;0.175;0.402;0.187;0;3.1; 0.432; 0.694; 0.295; 0.195;7.8
Byungho Park;2660;0.377;0.656;0.287;0.207;7.2; 0.42; 0.693; 0.296; 0.222;8.9
Jarrett Parker;2512;0.216;0.37;0.164;0.108;3.8; 0.467; 0.895; 0.392; 0.178;9.9
Chris Parmelee;3221;4;5;2.015;3;0; 1; 1.429; 0.591; 0.571;29.9
Gerardo Parra;7650;0.361;0.634;0.273;0.103;9; 0.413; 0.684; 0.289; 0.162;8.6
Jordan Patterson;2742;0.5;1.167;0.523;0;0; 0.5; 0.938; 0.407; 0.062;11.4
Ben Paulsen;2507;0.5;0.875;0.375;0.125;0; 0.286; 0.533; 0.231; 0.084;6.6
Steven Pearce;3171;0.622;1.032;0.428;0.305;11.1; 0.434; 0.792; 0.345; 0.159;9
Joc Pederson;2523;0.219;0.469;0.222;0.094;8.6; 0.547; 0.918; 0.386; 0.278;10.8
Dustin Pedroia;6186;0.415;0.812;0.36;0.11;9.7; 0.456; 0.827; 0.358; 0.136;11.3
Brayan Pena;2219;0.5;1;0.439;0;3; 0.182; 0.348; 0.161; 0.091;3
Francisco Pena;2432;0.333;0.708;0.318;0;4.3; 0.24; 0.394; 0.172; 0.12;7.3
Ramiro Pena;6226;0.273;0.577;0.24;0;8.4; 0.477; 0.815; 0.349; 0.169;7.3
Hunter Pence;7577;0.496;0.821;0.35;0.24;11.7; 0.432; 0.802; 0.348; 0.13;9
Cliff Pennington;6217;0.095;0.19;0.084;0;9.4; 0.338; 0.624; 0.275; 0.113;6
David Peralta;2491;0.421;0.717;0.306;0.21;10.8; 0.436; 0.731; 0.309; 0.173;8.5
Jhonny Peralta;5124;0.312;0.541;0.235;0.13;5.2; 0.443; 0.778; 0.334; 0.155;9.8
Jose Peraza;2596;0.442;0.793;0.34;0.134;17.1; 0.402; 0.754; 0.328; 0.074;9.3
Carlos Perez;2538;0.28;0.525;0.233;0.08;5.5; 0.335; 0.578; 0.249; 0.124;6.7
Hernan Perez;6279;0.486;0.787;0.329;0.208;11.8; 0.396; 0.699; 0.302; 0.127;10.5
Roberto Perez;2505;0.4;0.683;0.295;0.16;7.2; 0.243; 0.528; 0.247; 0.088;5.8
Salvador Perez;2346;0.473;0.763;0.32;0.226;10; 0.423; 0.71; 0.303; 0.176;7.9
Jace Peterson;2483;0.255;0.571;0.261;0;8.7; 0.385; 0.74; 0.326; 0.131;8.8
Gregorio Petit;6212;0.317;0.617;0.271;0.095;4.6; 0.362; 0.66; 0.287; 0.107;6.8
Tommy Pham;2532;0.429;0.734;0.313;0.223;10.6; 0.448; 0.784; 0.341; 0.208;9.5
Josh Phegley;2379;0.333;0.658;0.295;0.083;9; 0.405; 0.709; 0.304; 0.143;4.4
Brandon Phillips;6137;0.372;0.654;0.275;0.116;10; 0.43; 0.761; 0.327; 0.128;9
A.J. Pierzynski;2084;0.108;0.216;0.095;0;6.2; 0.338; 0.604; 0.259; 0.1;5.9
Kevin Pillar;7799;0.407;0.709;0.305;0.124;6.6; 0.365; 0.668; 0.291; 0.104;8.4
Manny Pina;2345;0.2;0.555;0.275;0;4.6; 0.5; 0.84; 0.358; 0.217;8.2
Chad Pinder;2730;0.5;0.81;0.343;0.214;4.7; 0.217; 0.448; 0.202; 0.043;4.3
Jose Pirela;2533;0.333;0.556;0.236;0.111;6.1; 0.167; 0.328; 0.147; 0.034;1.3
Stephen Piscotty;2589;0.552;0.952;0.406;0.255;11; 0.426; 0.748; 0.324; 0.161;10.6
Kevin Plawecki;2558;0.361;0.651;0.284;0.111;6.1; 0.229; 0.53; 0.245; 0.052;5.4
Trevor Plouffe;6239;0.467;0.781;0.33;0.227;9.9; 0.406; 0.705; 0.304; 0.14;9.1
Gregory Polanco;2456;0.469;0.781;0.329;0.224;12.3; 0.462; 0.786; 0.332; 0.201;11.2
Jorge Polanco;2440;0.515;0.857;0.356;0.206;10.7; 0.39; 0.718; 0.314; 0.119;8.7
A.J. Pollock;7746;0.125;0.425;0.226;0;11.8; 0.455; 0.788; 0.34; 0.182;11.8
Buster Posey;2314;0.49;0.899;0.381;0.178;10.7; 0.411; 0.752; 0.324; 0.134;10.3
Martin Prado;4181;0.568;1.068;0.452;0.144;9.5; 0.377; 0.695; 0.303; 0.103;9.5
Alex Presley;7698;0.259;0.582;0.271;0.037;6.5; 0.298; 0.55; 0.24; 0.107;6.6
Jurickson Profar;6271;0.211;0.461;0.212;0.014;6.4; 0.383; 0.728; 0.322; 0.129;8.5
Yasiel Puig;7781;0.471;0.784;0.333;0.21;10.1; 0.386; 0.715; 0.314; 0.121;8.8
Albert Pujols;5100;0.521;0.834;0.35;0.239;9.8; 0.437; 0.763; 0.325; 0.173;11.1
Juniel Querecuto;2746;0;0;0;0;19.2; 0.375; 0.5; 0.196; 0.25;0
Roman Quinn;2669;0.467;0.911;0.403;0.134;9.8; 0.286; 0.633; 0.293; 0.048;13.1
Ryan Raburn;4163;0.479;0.835;0.357;0.25;7.7; 0.346; 0.615; 0.268; 0.133;4.4
Alexei Ramirez;4197;0.412;0.769;0.333;0.099;7.8; 0.303; 0.549; 0.238; 0.09;6.2
Hanley Ramirez;6177;0.677;1.097;0.453;0.331;14.7; 0.453; 0.796; 0.342; 0.185;11.1
Jose Ramirez;4278;0.473;0.841;0.363;0.162;10.6; 0.457; 0.818; 0.351; 0.145;10.6
Wilson Ramos;2319;0.631;1.008;0.414;0.301;12.6; 0.459; 0.806; 0.347; 0.158;9.7
Colby Rasmus;7643;0.235;0.454;0.207;0.099;5.8; 0.389; 0.694; 0.302; 0.163;9.2
J.T. Realmuto;2427;0.355;0.617;0.269;0.14;9.5; 0.445; 0.806; 0.348; 0.123;9.1
Anthony Recker;2348;0.458;0.872;0.381;0.166;9; 0.424; 0.812; 0.353; 0.151;8.6
Josh Reddick;7657;0.155;0.366;0.173;0;5.9; 0.485; 0.871; 0.371; 0.163;9.2
A.J. Reed;2708;0.067;0.243;0.133;0;6.1; 0.29; 0.572; 0.26; 0.112;5.3
Michael Reed;2629;0.167;0.452;0.224;0;6.2; 0.188; 0.423; 0.196; 0;4.2
Rob Refsnyder;2588;0.355;0.725;0.314;0.081;8.2; 0.278; 0.575; 0.259; 0.045;6
Nolan Reimold;7644;0.298;0.565;0.254;0.115;6.4; 0.434; 0.768; 0.331; 0.171;7.2
Tony Renda;2723;0.214;0.357;0.151;0.071;0; 0.217; 0.492; 0.23; 0.021;3.6
Anthony Rendon;5216;0.419;0.817;0.355;0.143;9.2; 0.457; 0.792; 0.339; 0.189;11.1
Hunter Renfroe;2747;0.778;1.178;0.459;0.445;17.1; 0.808; 1.192; 0.497; 0.423;20.2
Ben Revere;7696;0.288;0.55;0.244;0.085;6.7; 0.302; 0.562; 0.246; 0.082;8.3
Jose Reyes;6139;0.74;1.196;0.492;0.36;17.6; 0.371; 0.664; 0.288; 0.132;9.3
Mark Reynolds;5165;0.342;0.673;0.297;0.092;9.3; 0.498; 0.865; 0.371; 0.201;10
Matt Reynolds;2630;0.63;0.951;0.394;0.334;12.5; 0.323; 0.565; 0.247; 0.129;5.8
Joey Rickard;2635;0.494;0.861;0.37;0.181;10.3; 0.322; 0.618; 0.273; 0.075;6.8
Rene Rivera;2217;0.514;0.943;0.4;0.2;7.3; 0.3; 0.556; 0.241; 0.1;5.8
T.J. Rivera;2725;0.229;0.457;0.201;0;5.9; 0.6; 0.997; 0.411; 0.214;11.5
Yadiel Rivera;2628;0.292;0.561;0.25;0.084;5.4; 0.262; 0.476; 0.206; 0.048;3.2
Anthony Rizzo;3210;0.466;0.832;0.362;0.205;13.2; 0.577; 0.97; 0.404; 0.272;12.1
Dan Robertson;2482;0.455;0.871;0.381;0.091;6.2; 0.125; 0.25; 0.11; 0;0
Clint Robinson;3227;0.3;0.653;0.294;0;9.3; 0.337; 0.634; 0.279; 0.114;7.9
Shane Robinson;7649;0.278;0.556;0.254;0.093;5.9; 0.182; 0.411; 0.193; 0.023;7.3
Alex Rodriguez;6061;0.382;0.647;0.278;0.171;7.8; 0.336; 0.573; 0.248; 0.141;7.9
Sean Rodriguez;6206;0.519;0.934;0.399;0.233;12.9; 0.507; 0.831; 0.35; 0.242;10.7
Jason Rogers;2439;0.286;0.619;0.291;0.143;9; 0; 0.267; 0.184; 0;0
Miguel Rojas;2493;0.404;0.697;0.299;0.123;6; 0.292; 0.579; 0.252; 0.058;6.7
Jimmy Rollins;6105;0.773;1.311;0.542;0.318;11.1; 0.252; 0.502; 0.227; 0.071;7.8
Stefen Romero;2465;0.364;0.671;0.284;0.091;4; 0.167; 0.333; 0.146; 0;0
Andrew Romine;6246;0.293;0.611;0.275;0.025;7.4; 0.331; 0.63; 0.281; 0.105;6.7
Austin Romine;2355;0.432;0.725;0.304;0.158;7.2; 0.314; 0.551; 0.237; 0.114;6.5
Jose Rondon;2675;0;0;0;0;0; 0.136; 0.31; 0.145; 0;2.7
Adam Rosales;3181;0.495;0.843;0.356;0.258;10.9; 0.496; 0.789; 0.326; 0.274;9.8
Alberto Rosario;2713;0;0.222;0.153;0;4.6; 0.29; 0.516; 0.222; 0.064;4.1
Eddie Rosario;2548;0.289;0.594;0.266;0.026;5.8; 0.459; 0.752; 0.315; 0.189;9.4
David Ross;2177;0.528;0.946;0.395;0.245;12.1; 0.407; 0.706; 0.291; 0.203;7.8
Ryan Rua;2518;0.441;0.795;0.337;0.157;9.2; 0.37; 0.683; 0.301; 0.131;8.5
Darin Ruf;3232;0.429;0.695;0.284;0.143;8.2; 0.291; 0.511; 0.226; 0.127;4
Justin Ruggiano;7602;0.722;1.122;0.464;0.389;12.5; 0.333; 0.667; 0.293; 0;0
Carlos Ruiz;2233;0.386;0.793;0.359;0.115;8.5; 0.328; 0.668; 0.298; 0.068;6.9
Rio Ruiz;2744;-1;-1;-1;-1;0; 0.571; 0.857; 0.35; 0.285;16
Cameron Rupp;2387;0.632;0.993;0.415;0.308;10.8; 0.408; 0.699; 0.302; 0.171;8.4
Addison Russell;2559;0.468;0.801;0.343;0.245;10.3; 0.399; 0.715; 0.306; 0.155;9.1
Josh Rutledge;6281;0.438;0.859;0.378;0.125;5.6; 0.364; 0.669; 0.293; 0.122;11.2
Brendan Ryan;6196;0;0;0;0;0; 0.111; 0.222; 0.098; 0;0
Tyler Saladino;2587;0.43;0.799;0.348;0.101;10.8; 0.402; 0.698; 0.3; 0.137;8.3
Jarrod Saltalamacchia;2251;0.274;0.528;0.239;0.113;5.1; 0.37; 0.664; 0.29; 0.196;9.2
Carlos Sanchez;2408;0.238;0.405;0.173;0.071;5; 0.402; 0.662; 0.282; 0.179;7.7
Gary Sanchez;2445;0.566;0.868;0.358;0.377;14.4; 0.689; 1.093; 0.451; 0.351;13.6
Hector Sanchez;2343;0.143;0.286;0.125;0;6.5; 0.524; 0.886; 0.379; 0.238;9.2
Pablo Sandoval;5178;-1;-1;-1;-1;0; 0; 0.143; 0.099; 0;3
Jerry Sands;3213;0.222;0.522;0.245;0;3.6; 0.324; 0.587; 0.256; 0.081;7.3
Miguel Sano;5220;0.485;0.818;0.345;0.258;11.3; 0.456; 0.771; 0.33; 0.218;10
Carlos Santana;2317;0.395;0.742;0.325;0.128;9.3; 0.541; 0.915; 0.388; 0.285;12.1
Danny Santana;2441;0.208;0.404;0.182;0.062;3.9; 0.357; 0.658; 0.287; 0.092;8.2
Domingo Santana;2431;0.532;0.937;0.401;0.22;11.2; 0.408; 0.726; 0.316; 0.177;9.3
Luis Sardinas;2474;0.492;0.835;0.352;0.19;7; 0.282; 0.552; 0.24; 0.068;6.8
Michael Saunders;7656;0.569;0.927;0.391;0.294;8.6; 0.451; 0.783; 0.335; 0.204;10
Logan Schafer;7725;0.526;1.026;0.448;0.105;6.9; 0.227; 0.502; 0.237; 0.068;5.5
Scott Schebler;2575;0.341;0.608;0.267;0.146;9.9; 0.449; 0.791; 0.339; 0.171;9.6
Ryan Schimpf;2705;0.431;0.698;0.297;0.274;5.5; 0.556; 0.907; 0.377; 0.325;12.2
Jonathan Schoop;6268;0.412;0.688;0.293;0.169;8.8; 0.467; 0.772; 0.329; 0.193;9.2
Kyle Schwarber;2580;-1;-1;-1;-1;0; 0; 0.2; 0.138; 0;7.8
Xavier Scruggs;2530;0.222;0.444;0.195;0;1.5; 0.321; 0.621; 0.28; 0.113;5.8
Corey Seager;2615;0.413;0.722;0.311;0.163;8.3; 0.557; 0.948; 0.4; 0.223;12.1
Kyle Seager;5206;0.431;0.728;0.313;0.204;10.1; 0.538; 0.932; 0.39; 0.231;11.8
Rob Segedin;2724;0.359;0.638;0.279;0.154;7.7; 0.382; 0.707; 0.305; 0.117;8.9
Jean Segura;6282;0.431;0.763;0.33;0.156;11.2; 0.521; 0.9; 0.384; 0.188;12.8
Steve Selsky;2700;0.9;1.445;0.598;0.4;29.8; 0.366; 0.652; 0.282; 0.098;8
Marcus Semien;6299;0.514;0.813;0.343;0.257;9.5; 0.407; 0.707; 0.305; 0.176;9
Pedro Severino;2611;0.8;1.229;0.485;0.6;7.7; 0.565; 1.01; 0.433; 0.217;6.6
Richie Shaffer;2592;0.429;0.782;0.331;0.143;8.3; 0.441; 0.738; 0.316; 0.206;6.2
Travis Shaw;2567;0.364;0.599;0.257;0.177;10.3; 0.437; 0.762; 0.324; 0.18;9.1
J.B. Shuck;7717;0.419;0.802;0.351;0.096;6.6; 0.28; 0.505; 0.222; 0.093;5.7
Andrelton Simmons;6277;0.406;0.745;0.323;0.114;7.6; 0.354; 0.673; 0.295; 0.076;7.7
Kevan Smith;2642;0.1;0.2;0.088;0;1.6; 0.167; 0.333; 0.146; 0;0
Mallex Smith;2633;0.12;0.299;0.15;0.04;4.4; 0.453; 0.819; 0.353; 0.158;11.1
Seth Smith;7600;0.233;0.476;0.219;0.066;9.2; 0.431; 0.782; 0.34; 0.175;9.4
Justin Smoak;3200;0.337;0.621;0.275;0.128;10.5; 0.413; 0.738; 0.322; 0.192;7.8
Jake Smolinski;2504;0.457;0.796;0.344;0.181;9.2; 0.281; 0.557; 0.25; 0.065;5
Brandon Snyder;3205;1.462;2;0.813;0.924;9.2; 0.333; 0.48; 0.201; 0.212;1.5
Donovan Solano;5224;0.375;0.625;0.265;0.125;2.1; 0.5; 0.767; 0.322; 0.286;12.5
Yangervis Solarte;2480;0.448;0.772;0.33;0.177;9.6; 0.472; 0.819; 0.35; 0.181;10.7
Jorge Soler;7755;0.467;0.812;0.351;0.2;7.9; 0.421; 0.749; 0.325; 0.197;9.8
Geovany Soto;2228;0.607;0.952;0.4;0.286;7.6; 0.42; 0.729; 0.316; 0.18;9
Steven Souza Jr.;2477;0.383;0.653;0.282;0.15;9.9; 0.419; 0.735; 0.318; 0.167;8.5
Denard Span;7609;0.283;0.566;0.255;0.066;8; 0.428; 0.781; 0.338; 0.139;10.2
Cory Spangenberg;4261;0.6;1.074;0.457;0.267;9.6; 0.242; 0.448; 0.196; 0.06;7.9
George Springer;2481;0.56;0.945;0.4;0.286;12.2; 0.42; 0.769; 0.336; 0.164;11.4
Jacob Stallings;2706;-1;-1;-1;-1;0; 0.467; 0.867; 0.376; 0.067;7.2
Giancarlo Stanton;7672;0.568;0.947;0.391;0.295;12.7; 0.468; 0.779; 0.331; 0.237;10.5
Max Stassi;2382;0;0;0;0;0; 0.1; 0.2; 0.088; 0;1.5
Chris Stewart;2239;0.368;0.778;0.35;0.052;6.6; 0.266; 0.563; 0.252; 0.076;6
Trevor Story;2647;0.59;0.975;0.409;0.31;12; 0.559; 0.883; 0.369; 0.291;13.9
Drew Stubbs;7661;0.275;0.591;0.272;0.059;7.3; 0.448; 0.801; 0.35; 0.207;11.1
Eugenio Suarez;2424;0.528;0.882;0.374;0.252;10.4; 0.377; 0.683; 0.299; 0.137;9.1
Jesus Sucre;2375;1.8;2.8;1.097;0.8;23.6; 0.4; 0.835; 0.376; 0.05;7.2
Andrew Susac;2509;4;5;2.015;3;0; 0.25; 0.528; 0.243; 0.062;11.6
Ichiro Suzuki;7354;0.424;0.859;0.38;0.085;10.4; 0.366; 0.7; 0.306; 0.086;9.2
Kurt Suzuki;2254;0.45;0.745;0.315;0.175;7.1; 0.381; 0.685; 0.298; 0.131;7.9
Dansby Swanson;2731;0.647;1.015;0.419;0.353;13.8; 0.411; 0.771; 0.321; 0.107;8.8
Blake Swihart;2564;0.8;1.657;0.699;0;0; 0.316; 0.629; 0.281; 0.105;7.6
Matt Szczur;2405;0.394;0.671;0.278;0.169;8.2; 0.404; 0.737; 0.322; 0.123;8.8
Raimel Tapia;2648;0.25;0.5;0.22;0;6.2; 0.267; 0.57; 0.255; 0;9.9
Chris Taylor;2508;0.385;0.644;0.272;0.154;11; 0.343; 0.606; 0.254; 0.143;5.3
Michael Taylor;2478;0.444;0.755;0.324;0.185;11.7; 0.336; 0.596; 0.259; 0.122;8.9
Mark Teixeira;5115;0.336;0.685;0.307;0.109;9.3; 0.372; 0.64; 0.278; 0.177;7.8
Ruben Tejada;6235;0.4;0.742;0.314;0.133;7.3; 0.111; 0.265; 0.131; 0.028;4.6
Tomas Telis;2516;0;0;0;0;0; 0.636; 1; 0.423; 0.272;32.2
Josh Thole;2313;0.281;0.563;0.257;0.125;4.7; 0.198; 0.44; 0.205; 0.024;4
Trayce Thompson;2410;0.422;0.708;0.304;0.203;7.5; 0.442; 0.749; 0.323; 0.215;10.4
Charlie Tilson;2681;-1;-1;-1;-1;0; 0.5; 1; 0.439; 0;3
Andrew Toles;2714;0.462;0.692;0.29;0.231;0; 0.511; 0.893; 0.375; 0.185;7.8
Yasmany Tomas;2547;0.69;1.112;0.46;0.326;14.4; 0.449; 0.724; 0.306; 0.207;8.8
Kelby Tomlinson;2593;0.361;0.728;0.32;0.055;6.6; 0.265; 0.64; 0.302; 0;6.6
Ronald Torreyes;2621;0.209;0.495;0.235;0.023;5; 0.434; 0.745; 0.317; 0.151;6.2
Devon Travis;2550;0.36;0.617;0.263;0.1;7.7; 0.484; 0.838; 0.36; 0.171;10.3
Mike Trout;7702;0.55;0.987;0.416;0.224;13; 0.55; 0.992; 0.419; 0.238;14.3
Mark Trumbo;3208;0.385;0.608;0.257;0.212;9.3; 0.584; 0.932; 0.391; 0.3;12.4
Preston Tucker;2566;0.316;0.421;0.171;0.211;0; 0.33; 0.57; 0.249; 0.156;6
Troy Tulowitzki;6187;0.431;0.767;0.329;0.165;8.5; 0.446; 0.759; 0.326; 0.195;9.8
Justin Turner;4227;0.337;0.64;0.283;0.128;8.8; 0.563; 0.919; 0.385; 0.258;12.2
Trea Turner;2602;0.413;0.751;0.325;0.096;12.8; 0.607; 0.985; 0.413; 0.259;16.1
Melvin Upton Jr.;6157;0.533;0.874;0.367;0.258;13.8; 0.36; 0.634; 0.274; 0.134;7.9
Justin Upton;7589;0.441;0.754;0.321;0.205;10.6; 0.474; 0.783; 0.333; 0.225;10.5
Juan Uribe;6109;0.24;0.472;0.204;0.053;5.4; 0.374; 0.645; 0.28; 0.159;7
Giovanny Urshela;2577;-1;-1;-1;-1;0; -1; -1; -1; -1;0
Chase Utley;5116;0.264;0.47;0.208;0.11;3.6; 0.425; 0.768; 0.334; 0.152;9.6
Pat Valaika;2741;0.429;0.714;0.303;0.143;18.7; 0.5; 0.75; 0.314; 0.25;0
Luis Valbuena;4215;0.4;0.741;0.324;0.133;7.9; 0.479; 0.841; 0.359; 0.221;9.8
Danny Valencia;5196;0.535;0.924;0.395;0.217;11.8; 0.412; 0.742; 0.321; 0.137;8.3
Scott Van Slyke;7747;0.405;0.739;0.317;0.162;7.5; 0.262; 0.529; 0.238; 0.047;3.8
Kennys Vargas;2442;0.8;1.262;0.514;0.422;14.1; 0.374; 0.654; 0.286; 0.206;9
Christian Vazquez;2398;0.429;0.804;0.35;0.143;6.8; 0.277; 0.527; 0.231; 0.065;5.8
Will Venable;7629;0;0;0;0;0; 0.125; 0.243; 0.115; 0.062;5.1
Christian Villanueva;2403;-1;-1;-1;-1;0; -1; -1; -1; -1;0
Jonathan Villar;6294;0.545;0.93;0.393;0.236;15.7; 0.422; 0.786; 0.341; 0.146;11.1
Daniel Vogelbach;2641;0;0;0;0;0; 0.091; 0.258; 0.131; 0;1
Stephen Vogt;2362;0.304;0.549;0.242;0.108;5.4; 0.43; 0.748; 0.319; 0.166;8.9
Joey Votto;3172;0.465;0.861;0.371;0.151;11.5; 0.584; 1.033; 0.429; 0.254;12.9
Kyle Waldrop;2689;0;0;0;0;0; 0.333; 0.649; 0.287; 0.055;4.1
Neil Walker;5189;0.61;1.001;0.42;0.28;8.9; 0.433; 0.766; 0.329; 0.167;10.4
Brett Wallace;5188;0.306;0.687;0.317;0.028;5.6; 0.32; 0.615; 0.273; 0.149;7.9
Colin Walsh;2659;0;0.444;0.309;0;0; 0.135; 0.402; 0.209; 0.027;3.8
Zach Walters;6300;0;0;0;0;0; 0; 0; 0; 0;0
Jemile Weeks;4250;0.214;0.414;0.189;0.071;4.5; 0.194; 0.4; 0.183; 0.055;4
Rickie Weeks Jr.;4155;0.642;1.01;0.419;0.358;15.8; 0.336; 0.639; 0.285; 0.124;9
Joey Wendle;2666;0.333;0.745;0.34;0;0; 0.296; 0.572; 0.251; 0.049;8
Jayson Werth;2165;0.62;1.031;0.432;0.298;10.5; 0.356; 0.668; 0.296; 0.136;9.9
Tyler White;2692;0.489;0.798;0.334;0.239;6.5; 0.317; 0.591; 0.262; 0.118;7.8
Matt Wieters;2296;0.343;0.645;0.283;0.114;6; 0.431; 0.733; 0.315; 0.183;9.6
Andy Wilkins;2519;0;0;0;0;0; 0.35; 0.611; 0.27; 0.2;3
Mason Williams;2578;0.375;0.625;0.265;0.125;9.2; 0.316; 0.666; 0.298; 0;6.3
Mac Williamson;2625;0.424;0.722;0.313;0.212;8.6; 0.391; 0.731; 0.323; 0.152;5.8
Bobby Wilson;2280;0.429;0.739;0.318;0.143;6.9; 0.331; 0.589; 0.255; 0.11;6.6
Tony Wolters;2646;0.3;0.579;0.258;0.075;4.1; 0.418; 0.757; 0.325; 0.151;9.2
Kolten Wong;4262;0.333;0.653;0.292;0.091;4.5; 0.36; 0.689; 0.302; 0.121;7.6
Danny Worth;4234;0.28;0.511;0.223;0.08;5.2; 0.143; 0.286; 0.125; 0;0
David Wright;5139;0.389;0.714;0.317;0.195;8.1; 0.455; 0.814; 0.354; 0.217;11.4
Christian Yelich;7793;0.387;0.716;0.312;0.1;7.9; 0.516; 0.908; 0.386; 0.215;12.2
Chris Young;7544;0.589;0.999;0.422;0.26;10.4; 0.446; 0.766; 0.33; 0.2;9.2
Ryan Zimmerman;5149;0.4;0.683;0.292;0.2;8.6; 0.363; 0.632; 0.273; 0.141;8.7
Ben Zobrist;6185;0.455;0.856;0.367;0.154;9.2; 0.442; 0.823; 0.357; 0.181;11.4
Mike Zunino;2377;0.45;0.835;0.368;0.25;6.6; 0.476; 0.769; 0.327; 0.266;10.6
