Charlie Blackmon;1.500000;0.333000;0.272727;1.510000;5.280000;6.960000;0.356000;
Aaron Judge;1.370370;0.429000;-1.000000;1.270000;4.370000;8.940000;0.283000;
Didi Gregorius;1.423077;0.452000;0.571429;1.270000;4.370000;8.940000;0.217000;
Eduardo Nunez;1.480000;0.308000;-1.000000;0.740000;2.100000;11.220000;0.184000;
Corey Dickerson;1.480000;0.375000;0.000000;1.480000;4.680000;8.280000;0.223000;
Jose Abreu;1.321429;0.370000;0.300000;2.080000;8.010000;5.930000;0.324000;
Daniel Murphy;1.565217;0.440000;0.333333;0.860000;1.290000;2.570000;0.000000;
Melky Cabrera;1.285714;0.414000;0.379310;2.080000;8.010000;5.930000;0.337000;
Eric Hosmer;1.307692;0.292000;0.375000;1.360000;4.810000;7.640000;0.272000;
Avisail Garcia;1.259259;0.333000;0.090909;2.080000;8.010000;5.930000;0.324000;
Trea Turner;1.307692;0.286000;0.000000;0.860000;1.290000;2.570000;0.250000;
Ben Gamel;1.269231;0.393000;-1.000000;1.000000;2.840000;9.240000;0.177000;
Starlin Castro;1.185185;0.393000;-1.000000;1.270000;4.370000;8.940000;0.283000;
Brian Dozier;1.185185;0.407000;-1.000000;1.170000;3.670000;7.700000;0.208000;
Whit Merrifield;1.240000;0.200000;-1.000000;1.360000;4.810000;7.640000;0.286000;
Tim Anderson;1.192308;0.208000;-1.000000;2.080000;8.010000;5.930000;0.324000;
Evan Longoria;1.148148;0.357000;0.266667;1.480000;4.680000;8.280000;0.281000;
Kyle Seager;1.107143;0.321000;-1.000000;1.000000;2.840000;9.240000;0.177000;
DJ LeMahieu;1.107143;0.281000;0.454545;1.510000;5.280000;6.960000;0.251000;
Wilmer Flores;1.250000;0.273000;0.117647;1.320000;2.910000;8.290000;0.239000;
Ryan Zimmerman;1.363636;0.500000;0.000000;0.860000;1.290000;2.570000;0.250000;
Jose Iglesias;1.304348;0.421000;0.000000;1.380000;4.290000;6.440000;0.292000;
Tim Beckham;1.200000;0.435000;-1.000000;1.480000;4.680000;8.280000;0.281000;
Mike Moustakas;1.260870;0.304000;0.235294;1.360000;4.810000;7.640000;0.272000;
Max Kepler;1.115385;0.192000;-1.000000;1.170000;3.670000;7.700000;0.207000;
Nolan Arenado;1.035714;0.321000;0.500000;1.510000;5.280000;6.960000;0.251000;
Buster Posey;1.166667;0.389000;-1.000000;0.740000;2.100000;11.220000;0.184000;
Joe Mauer;1.217391;0.217000;-1.000000;1.170000;3.670000;7.700000;0.207000;
Domingo Santana;1.076923;0.304000;0.142857;1.380000;4.500000;8.250000;0.269000;
Justin Upton;1.037037;0.320000;-1.000000;1.380000;4.290000;6.440000;0.292000;
Hernan Perez;1.037037;0.320000;0.200000;1.380000;4.500000;8.250000;0.269000;
Tommy Joseph;1.000000;0.333000;-1.000000;0.960000;2.970000;12.460000;0.207000;
Aaron Hicks;1.125000;0.233000;0.000000;1.270000;4.370000;8.940000;0.250000;
Danny Valencia;1.080000;0.160000;-1.000000;1.000000;2.840000;9.240000;0.194000;
Orlando Arcia;1.038462;0.318000;-1.000000;1.380000;4.500000;8.250000;0.269000;
Michael Brantley;1.125000;0.158000;-1.000000;1.450000;3.770000;9.000000;0.238000;
Chris Taylor;1.000000;0.150000;-1.000000;1.350000;5.730000;6.000000;0.331000;
Yolmer Sanchez;0.964286;0.217000;0.500000;2.080000;8.010000;5.930000;0.337000;
Matt Holliday;1.000000;0.292000;-1.000000;1.270000;4.370000;8.940000;0.283000;
Ian Desmond;1.038462;0.357000;0.333333;1.510000;5.280000;6.960000;0.251000;
Miguel Cabrera;1.130435;0.250000;0.181818;1.380000;4.290000;6.440000;0.292000;
J.D. Martinez;1.000000;0.333000;0.400000;1.380000;4.290000;6.440000;0.292000;
Corey Seager;1.000000;0.350000;-1.000000;1.350000;5.730000;6.000000;0.291000;
Miguel Sano;1.083333;0.136000;-1.000000;1.170000;3.670000;7.700000;0.208000;
Michael Taylor;1.000000;0.286000;0.400000;0.860000;1.290000;2.570000;0.250000;
Odubel Herrera;1.000000;0.323000;-1.000000;0.960000;2.970000;12.460000;0.205000;
Eric Sogard;1.041667;0.227000;-1.000000;1.380000;4.500000;8.250000;0.257000;
Travis Shaw;1.250000;0.357000;0.333333;1.380000;4.500000;8.250000;0.257000;
Edwin Encarnacion;1.086957;0.400000;0.176471;1.450000;3.770000;9.000000;0.214000;
Neil Walker;1.041667;0.417000;0.187500;1.320000;2.910000;8.290000;0.218000;
Robbie Grossman;1.000000;0.286000;-1.000000;1.170000;3.670000;7.700000;0.207500;
Jorge Bonifacio;1.041667;0.158000;-1.000000;1.360000;4.810000;7.640000;0.286000;
Jose Ramirez;1.041667;0.158000;-1.000000;1.450000;3.770000;9.000000;0.226000;
Mark Reynolds;1.000000;0.364000;0.277778;1.510000;5.280000;6.960000;0.251000;
Salvador Perez;1.000000;0.421000;0.380952;1.360000;4.810000;7.640000;0.286000;
Dexter Fowler;0.925926;0.400000;0.000000;1.520000;4.740000;6.590000;0.286000;
Jay Bruce;1.000000;0.417000;0.150000;1.320000;2.910000;8.290000;0.197000;
Aaron Altherr;0.925926;0.240000;-1.000000;0.960000;2.970000;12.460000;0.207000;
Brett Gardner;0.961538;0.242000;0.333333;1.270000;4.370000;8.940000;0.217000;
Curtis Granderson;0.923077;0.267000;0.125000;1.320000;2.910000;8.290000;0.197000;
Nelson Cruz;0.960000;0.368000;-1.000000;1.000000;2.840000;9.240000;0.194000;
Gary Sanchez;1.043478;0.360000;-1.000000;1.270000;4.370000;8.940000;0.283000;
Lucas Duda;0.923077;0.095000;0.157895;1.320000;2.910000;8.290000;0.197000;
Brandon Belt;0.960000;0.158000;-1.000000;0.740000;2.100000;11.220000;0.163000;
Maikel Franco;0.960000;0.321000;-1.000000;0.960000;2.970000;12.460000;0.207000;
Jason Kipnis;1.000000;0.167000;0.000000;1.450000;3.770000;9.000000;0.238000;
Todd Frazier;0.857143;0.333000;0.142857;2.080000;8.010000;5.930000;0.324000;
Leury Garcia;0.958333;0.333000;-1.000000;2.080000;8.010000;5.930000;0.337000;
Anthony Rendon;0.920000;0.111000;0.000000;0.860000;1.290000;2.570000;0.250000;
Robinson Cano;1.095238;0.258000;-1.000000;1.000000;2.840000;9.240000;0.177000;
Steven Souza Jr.;0.851852;0.222000;0.333333;1.480000;4.680000;8.280000;0.281000;
Denard Span;0.958333;0.167000;-1.000000;0.740000;2.100000;11.220000;0.163000;
Matt Davidson;0.880000;0.190000;0.666667;2.080000;8.010000;5.930000;0.324000;
Jedd Gyorko;0.956522;0.182000;0.692308;1.520000;4.740000;6.590000;0.313000;
Aledmys Diaz;0.916667;0.261000;0.444444;1.520000;4.740000;6.590000;0.313000;
Lorenzo Cain;0.846154;0.292000;0.153846;1.360000;4.810000;7.640000;0.286000;
Chase Utley;0.875000;0.333000;-1.000000;1.350000;5.730000;6.000000;0.291000;
Victor Martinez;0.875000;0.250000;0.200000;1.380000;4.290000;6.440000;0.276500;
Yasmani Grandal;0.875000;0.313000;-1.000000;1.350000;5.730000;6.000000;0.311000;
Brandon Crawford;0.807692;0.111000;-1.000000;0.740000;2.100000;11.220000;0.163000;
Michael Conforto;0.875000;0.133000;-1.000000;1.320000;2.910000;8.290000;0.197000;
Logan Morrison;0.807692;0.250000;0.000000;1.480000;4.680000;8.280000;0.223000;
Guillermo Heredia;0.807692;0.167000;-1.000000;1.000000;2.840000;9.240000;0.194000;
Cody Bellinger;0.777778;0.353000;-1.000000;1.350000;5.730000;6.000000;0.291000;
Matt Carpenter;0.807692;0.393000;0.400000;1.520000;4.740000;6.590000;0.259000;
Tommy Pham;0.800000;0.292000;-1.000000;1.520000;4.740000;6.590000;0.313000;
Matt Wieters;0.833333;0.227000;-1.000000;0.860000;1.290000;2.570000;0.125000;
Francisco Lindor;0.833333;0.158000;-1.000000;1.450000;3.770000;9.000000;0.226000;
Tony Wolters;0.791667;0.294000;-1.000000;1.510000;5.280000;6.960000;0.356000;
Daniel Robertson;0.760000;0.500000;-1.000000;1.450000;3.770000;9.000000;0.214000;
Bryce Harper;0.826087;0.276000;0.000000;0.860000;1.290000;2.570000;0.000000;
Freddy Galvis;0.678571;0.120000;-1.000000;0.960000;2.970000;12.460000;0.206000;
Alcides Escobar;0.730769;0.250000;0.333333;1.360000;4.810000;7.640000;0.286000;
Byron Buxton;0.692308;0.190000;-1.000000;1.170000;3.670000;7.700000;0.208000;
Chase Headley;0.782609;0.381000;0.000000;1.270000;4.370000;8.940000;0.250000;
Yasiel Puig;0.680000;0.250000;-1.000000;1.350000;5.730000;6.000000;0.331000;
Keon Broxton;0.629630;0.222000;0.000000;1.380000;4.500000;8.250000;0.269000;
Chris Carter;0.640000;0.320000;0.250000;1.270000;4.370000;8.940000;0.283000;
Joe Panik;0.761905;0.571000;-1.000000;0.740000;2.100000;11.220000;0.163000;
Jose Reyes;0.666667;0.174000;0.461538;1.320000;2.910000;8.290000;0.218000;
Taylor Motter;0.560000;0.091000;-1.000000;1.000000;2.840000;9.240000;0.194000;
Eric Thames;0.434783;0.105000;0.333333;1.380000;4.500000;8.250000;0.257000;
