Charlie Blackmon;1.555556;0.355000;0.600000;1.420000;5.980000;9.270000;0.263000;
Jean Segura;1.538462;0.217000;0.538462;1.380000;2.860000;7.310000;0.247000;
Eric Hosmer;1.407407;0.321000;0.000000;1.600000;6.560000;7.310000;0.281000;
Corey Dickerson;1.461538;0.360000;-1.000000;1.630000;5.790000;10.800000;0.225000;
Ender Inciarte;1.520000;0.452000;0.666667;1.050000;2.630000;5.250000;0.276000;
Matt Kemp;1.440000;0.296000;0.400000;1.050000;2.630000;5.250000;0.236000;
Paul Goldschmidt;1.296296;0.381000;-1.000000;1.660000;5.440000;7.190000;0.371000;
Buster Posey;1.360000;0.235000;0.090909;1.440000;2.000000;8.000000;0.227000;
Ryan Zimmerman;1.360000;0.286000;-1.000000;1.260000;4.280000;8.750000;0.232000;
DJ LeMahieu;1.214286;0.286000;0.200000;1.420000;5.980000;9.270000;0.237000;
Billy Hamilton;1.320000;0.290000;0.333333;1.000000;1.590000;9.530000;0.108000;
Joey Votto;1.230769;0.318000;0.333333;1.000000;1.590000;9.530000;0.095000;
Chris Owings;1.230769;0.318000;-1.000000;1.660000;5.440000;7.190000;0.371000;
Xander Bogaerts;1.280000;0.292000;0.500000;1.250000;4.330000;4.840000;0.286000;
Nick Markakis;1.280000;0.194000;0.342105;1.050000;2.630000;5.250000;0.276000;
Kris Bryant;1.347826;0.250000;0.500000;1.130000;4.570000;10.480000;0.212000;
Daniel Murphy;1.240000;0.375000;-1.000000;1.260000;4.280000;8.750000;0.270000;
Carlos Correa;1.240000;0.077000;0.428571;1.340000;4.390000;8.780000;0.258000;
Josh Harrison;1.148148;0.292000;0.363636;1.480000;6.380000;6.190000;0.320000;
Mark Reynolds;1.200000;0.333000;0.333333;1.420000;5.980000;9.270000;0.237000;
Hernan Perez;1.250000;0.211000;0.666667;1.320000;3.910000;11.040000;0.207000;
Dustin Pedroia;1.250000;0.333000;0.333333;1.250000;4.330000;4.840000;0.286000;
Jedd Gyorko;1.318182;0.250000;-1.000000;1.170000;5.030000;9.150000;0.221000;
Salvador Perez;1.115385;0.333000;0.000000;1.600000;6.560000;7.310000;0.333000;
Tim Beckham;1.115385;0.292000;-1.000000;1.630000;5.790000;10.800000;0.234000;
Elvis Andrus;1.074074;0.240000;0.444444;1.470000;4.970000;10.660000;0.225000;
Nolan Arenado;1.074074;0.250000;0.250000;1.420000;5.980000;9.270000;0.237000;
Trea Turner;1.115385;0.185000;-1.000000;1.260000;4.280000;8.750000;0.232000;
Keon Broxton;1.217391;0.353000;-1.000000;1.320000;3.910000;11.040000;0.207000;
Delino DeShields;1.120000;0.476000;-1.000000;1.470000;4.970000;10.660000;0.225000;
Zack Cozart;1.272727;0.360000;0.666667;1.000000;1.590000;9.530000;0.121000;
Anthony Rendon;1.120000;0.286000;-1.000000;1.260000;4.280000;8.750000;0.232000;
Nelson Cruz;1.120000;0.095000;0.076923;1.380000;2.860000;7.310000;0.247000;
Scott Schebler;1.120000;0.300000;-1.000000;1.000000;1.590000;9.530000;0.095000;
Josh Reddick;1.076923;0.238000;0.125000;1.340000;4.390000;8.780000;0.202000;
Cody Bellinger;1.076923;0.231000;-1.000000;1.150000;2.740000;8.230000;0.268000;
Adam Duvall;1.076923;0.286000;-1.000000;1.000000;1.590000;9.530000;0.121000;
Yasmani Grandal;1.173913;0.350000;0.375000;1.150000;2.740000;8.230000;0.241000;
Travis Shaw;1.285714;0.286000;-1.000000;1.320000;3.910000;11.040000;0.225000;
Brandon Drury;1.125000;0.150000;0.000000;1.660000;5.440000;7.190000;0.371000;
Bryce Harper;1.173913;0.125000;-1.000000;1.260000;4.280000;8.750000;0.270000;
Ben Gamel;1.080000;0.300000;-1.000000;1.380000;2.860000;7.310000;0.205000;
Jose Peraza;1.080000;0.280000;-1.000000;1.000000;1.590000;9.530000;0.121000;
Jose Altuve;1.038462;0.320000;0.545455;1.340000;4.390000;8.780000;0.258000;
Eduardo Nunez;1.038462;0.333000;-1.000000;1.440000;2.000000;8.000000;0.227000;
Mookie Betts;1.080000;0.222000;0.400000;1.250000;4.330000;4.840000;0.286000;
Evan Longoria;1.038462;0.280000;-1.000000;1.630000;5.790000;10.800000;0.234000;
Michael Taylor;1.040000;0.316000;-1.000000;1.260000;4.280000;8.750000;0.232000;
Aledmys Diaz;1.181818;0.238000;0.333333;1.170000;5.030000;9.150000;0.221000;
Andrelton Simmons;0.928571;0.435000;-1.000000;1.310000;3.750000;8.400000;0.291000;
Manuel Margot;1.000000;0.174000;-1.000000;1.310000;3.560000;12.290000;0.248000;
Domingo Santana;1.086957;0.154000;-1.000000;1.320000;3.910000;11.040000;0.207000;
Jayson Werth;1.086957;0.105000;-1.000000;1.260000;4.280000;8.750000;0.232000;
Guillermo Heredia;1.000000;0.143000;-1.000000;1.380000;2.860000;7.310000;0.247000;
Carlos Gonzalez;1.041667;0.370000;0.500000;1.420000;5.980000;9.270000;0.263000;
Josh Bell;0.892857;0.304000;-1.000000;1.480000;6.380000;6.190000;0.303500;
Corey Seager;0.961538;0.318000;0.500000;1.150000;2.740000;8.230000;0.268000;
Eugenio Suarez;0.961538;0.391000;-1.000000;1.000000;1.590000;9.530000;0.121000;
Francisco Lindor;0.961538;0.250000;-1.000000;1.610000;6.750000;8.040000;0.271000;
Mike Trout;1.090909;0.333000;0.333333;1.310000;3.750000;8.400000;0.291000;
Danny Valencia;1.142857;0.091000;0.375000;1.380000;2.860000;7.310000;0.247000;
Kolten Wong;1.142857;0.556000;-1.000000;1.170000;5.030000;9.150000;0.260000;
Aaron Altherr;1.000000;0.296000;-1.000000;1.420000;6.000000;9.190000;0.288000;
Cameron Maybin;0.960000;0.391000;-1.000000;1.310000;3.750000;8.400000;0.291000;
Jake Lamb;1.000000;0.333000;-1.000000;1.660000;5.440000;7.190000;0.237000;
Kyle Seager;1.000000;0.238000;0.000000;1.380000;2.860000;7.310000;0.205000;
Jonathan Villar;0.960000;0.333000;-1.000000;1.320000;3.910000;11.040000;0.216000;
Cesar Hernandez;0.960000;0.185000;0.800000;1.420000;6.000000;9.190000;0.255000;
Javier Baez;0.958333;0.636000;-1.000000;1.130000;4.570000;10.480000;0.212000;
Chris Taylor;0.851852;0.267000;-1.000000;1.150000;2.740000;8.230000;0.214000;
Victor Martinez;1.045455;0.083000;0.181818;1.430000;5.140000;7.710000;0.264500;
Michael Brantley;1.045455;0.318000;-1.000000;1.610000;6.750000;8.040000;0.245000;
Ben Zobrist;0.958333;0.391000;0.125000;1.130000;4.570000;10.480000;0.251500;
Ian Desmond;1.095238;0.167000;-1.000000;1.420000;5.980000;9.270000;0.237000;
Yadier Molina;1.095238;0.208000;-1.000000;1.170000;5.030000;9.150000;0.221000;
Freddy Galvis;0.920000;0.192000;0.250000;1.420000;6.000000;9.190000;0.255000;
Albert Pujols;1.000000;0.333000;0.000000;1.310000;3.750000;8.400000;0.291000;
Jason Kipnis;0.920000;0.250000;-1.000000;1.610000;6.750000;8.040000;0.245000;
Rougned Odor;0.851852;0.240000;0.500000;1.470000;4.970000;10.660000;0.394000;
Kole Calhoun;0.851852;0.176000;0.333333;1.310000;3.750000;8.400000;0.177000;
Hanley Ramirez;1.047619;0.333000;0.666667;1.250000;4.330000;4.840000;0.286000;
Tommy Joseph;0.956522;0.273000;0.750000;1.420000;6.000000;9.190000;0.288000;
Shin-Soo Choo;0.956522;0.353000;0.000000;1.470000;4.970000;10.660000;0.394000;
Nomar Mazara;0.956522;0.368000;-1.000000;1.470000;4.970000;10.660000;0.394000;
Maikel Franco;0.956522;0.273000;0.500000;1.420000;6.000000;9.190000;0.288000;
Whit Merrifield;0.956522;0.364000;-1.000000;1.600000;6.560000;7.310000;0.333000;
Logan Morrison;0.846154;0.278000;-1.000000;1.630000;5.790000;10.800000;0.225000;
George Springer;0.956522;0.130000;0.500000;1.340000;4.390000;8.780000;0.258000;
Ian Kinsler;1.047619;0.241000;0.181818;1.430000;5.140000;7.710000;0.282000;
Jose Ramirez;0.880000;0.200000;-1.000000;1.610000;6.750000;8.040000;0.271000;
Yangervis Solarte;0.846154;0.222000;0.111111;1.310000;3.560000;12.290000;0.236500;
Cory Spangenberg;0.916667;0.136000;0.000000;1.310000;3.560000;12.290000;0.225000;
Brandon Belt;0.814815;0.286000;0.428571;1.440000;2.000000;8.000000;0.000000;
Mike Moustakas;0.956522;0.250000;-1.000000;1.600000;6.560000;7.310000;0.281000;
Lorenzo Cain;0.846154;0.115000;0.400000;1.600000;6.560000;7.310000;0.333000;
Joe Panik;0.846154;0.208000;0.222222;1.440000;2.000000;8.000000;0.000000;
Odubel Herrera;0.880000;0.148000;-1.000000;1.420000;6.000000;9.190000;0.222000;
Wil Myers;0.814815;0.100000;0.166667;1.310000;3.560000;12.290000;0.248000;
Christian Arroyo;0.785714;0.154000;-1.000000;1.440000;2.000000;8.000000;0.227000;
Martin Maldonado;0.875000;0.273000;-1.000000;1.310000;3.750000;8.400000;0.291000;
Jorge Bonifacio;0.840000;0.304000;-1.000000;1.600000;6.560000;7.310000;0.333000;
Dansby Swanson;0.875000;0.261000;0.000000;1.050000;2.630000;5.250000;0.236000;
Randal Grichuk;0.954545;0.222000;-1.000000;1.170000;5.030000;9.150000;0.221000;
Alex Bregman;0.840000;0.190000;0.000000;1.340000;4.390000;8.780000;0.258000;
Andrew Benintendi;0.875000;0.263000;-1.000000;1.250000;4.330000;4.840000;0.228000;
Orlando Arcia;0.833333;0.318000;-1.000000;1.320000;3.910000;11.040000;0.207000;
Erick Aybar;0.869565;0.200000;0.000000;1.310000;3.560000;12.290000;0.236500;
Yasiel Puig;0.833333;0.154000;0.666667;1.150000;2.740000;8.230000;0.214000;
Edwin Encarnacion;0.769231;0.261000;-1.000000;1.610000;6.750000;8.040000;0.297000;
Carlos Santana;0.769231;0.136000;-1.000000;1.610000;6.750000;8.040000;0.271000;
Kevin Kiermaier;0.714286;0.200000;-1.000000;1.630000;5.790000;10.800000;0.225000;
Eric Thames;0.863636;0.222000;-1.000000;1.320000;3.910000;11.040000;0.225000;
Yasmany Tomas;0.826087;0.316000;0.666667;1.660000;5.440000;7.190000;0.371000;
Austin Hedges;0.730769;0.125000;-1.000000;1.310000;3.560000;12.290000;0.248000;
Carlos Beltran;0.826087;0.176000;0.062500;1.340000;4.390000;8.780000;0.230000;
Jordy Mercer;0.730769;0.300000;0.125000;1.480000;6.380000;6.190000;0.320000;
Mike Napoli;0.760000;0.250000;0.500000;1.470000;4.970000;10.660000;0.225000;
Justin Upton;0.730769;0.130000;0.142857;1.430000;5.140000;7.710000;0.282000;
Hunter Renfroe;0.730769;0.273000;-1.000000;1.310000;3.560000;12.290000;0.248000;
Brandon Phillips;0.857143;0.429000;0.277778;1.050000;2.630000;5.250000;0.236000;
Matt Carpenter;0.818182;0.087000;-1.000000;1.170000;5.030000;9.150000;0.260000;
Alcides Escobar;0.666667;0.143000;0.400000;1.600000;6.560000;7.310000;0.333000;
Dexter Fowler;0.850000;0.130000;-1.000000;1.170000;5.030000;9.150000;0.240500;
Willson Contreras;0.739130;0.278000;-1.000000;1.130000;4.570000;10.480000;0.212000;
Mitch Moreland;0.708333;0.304000;-1.000000;1.250000;4.330000;4.840000;0.228000;
Michael Saunders;0.708333;0.150000;-1.000000;1.420000;6.000000;9.190000;0.222000;
Ryan Schimpf;0.666667;0.333000;0.333333;1.310000;3.560000;12.290000;0.225000;
Anthony Rizzo;0.640000;0.250000;0.250000;1.130000;4.570000;10.480000;0.291000;
Andrew McCutchen;0.592593;0.172000;0.416667;1.480000;6.380000;6.190000;0.320000;
Joey Gallo;0.576923;0.222000;0.000000;1.470000;4.970000;10.660000;0.394000;
Addison Russell;0.652174;0.105000;0.000000;1.130000;4.570000;10.480000;0.212000;
Kyle Schwarber;0.608696;0.176000;-1.000000;1.130000;4.570000;10.480000;0.291000;
Jarrod Dyson;0.541667;0.143000;-1.000000;1.380000;2.860000;7.310000;0.205000;
Jackie Bradley Jr.;0.619048;0.200000;0.200000;1.250000;4.330000;4.840000;0.228000;
Steven Souza Jr.;0.500000;0.133000;-1.000000;1.630000;5.790000;10.800000;0.234000;
