20180924;ari;lad;4;7;7.71;11.36
20180924;was;mia;7;3;10.9738;7.55375
20180924;bos;bal;6;2;10.5288;8.08
20180924;pit;chc;5;1;8.8225;9.52857
20180924;nyy;tam;4;1;10.9767;8.42111
20180924;laa;tex;5;4;9.29444;9.19556
20180924;oak;sea;7;3;8.72222;9.67667
20180924;col;phi;10;1;11.3488;10.8212
20180924;mil;stl;6;4;9.65875;9.53875
20180924;sdg;sfo;5;0;9.06625;8.63125
20180924;hou;tor;5;3;10.8125;8.70778
20180924;chw;cle;0;4;7.32125;9.40667
20180920;det;kan;11;8;9.48222;8.86
20180920;atl;phi;8;3;10.9025;10.2075
20180920;chw;cle;5;4;9.77444;10.8744
20180920;bos;nyy;11;6;8.92333;9.74333
20180920;mia;cin;2;4;9.145;10.1425
20180920;oak;laa;21;3;9.18778;9.19555
20180920;tor;tam;9;8;9.36;10.5178
20180920;nym;was;5;4;8.3475;11.38
20180915;lad;stl;17;4;11.9562;10.0388
20180915;tor;nyy;8;7;9.23667;11.6589
20180915;was;atl;7;1;11.5163;11.445
20180915;nym;bos;3;5;9.54;11.9012
20180915;cle;det;15;0;10.3911;8.31556
20180915;hou;ari;10;4;10.215;8.71778
20180915;sdg;tex;3;6;10.26;9.99375
20180915;chw;bal;2;0;9.63;9.30125
20180915;laa;sea;5;6;9.83375;10.2457
20180915;tam;oak;7;5;8.86444;9.61667
20180915;col;sfo;0;3;9.995;8.28167
20180915;kan;min;10;3;9.83625;10.3622
20180915;mil;pit;1;3;10.63;9.52
20180915;phi;mia;5;4;11.9062;9.03
20180915;cin;chc;0;1;9.3325;10.3962
20180914;phi;mia;14;2;10.6912;8.9475
20180914;lad;stl;3;0;10.7212;9.53625
20180914;bal;chw;6;8;9.90625;10.7389
20180914;nyy;tor;11;0;11.4722;8.37667
20180914;kan;min;8;4;8.56125;9.89333
20180914;mil;pit;7;4;9.9075;9.86875
20180914;nym;bos;8;0;10.0278;10
20180914;was;atl;5;10;10.8425;8.8475
20180914;tex;sdg;4;0;9.40667;11.1171
20180914;det;cle;5;4;9.43667;10.7267
20180914;hou;ari;2;4;10.5363;8.75
20180914;chc;cin;3;2;10.1414;8.80375
20180914;oak;tam;2;1;9.71556;9.82222
20180914;sea;laa;5;0;10.7144;10.595
20180914;sfo;col;2;0;8.41167;9.79143
20180911;was2;phi2;7;6;11.668;11.206
20180911;nyy;min;5;10;12.8071;9.47286
20180911;ari;col;6;3;11.9767;10.9287
20180911;hou;det;5;4;10.78;8.82222
20180911;sdg;sea;2;1;8.57375;10.235
20180911;atl;sfo;4;1;9.44375;8
20180911;chw;kan;3;6;9.75;9.30625
20180911;mil;chc;0;3;9.93167;9.90714
20180911;bal;oak;2;3;9.71222;11.7789
20180911;nym;mia;3;5;9.63875;7.4425
20180911;was;phi;3;1;10.5787;10.9712
20180911;cin;lad;3;1;9.30375;10.69
20180911;cle;tam;2;0;10.3144;8.78778
20180911;bos;tor;7;2;11.2425;8.50556
20180911;pit;stl;5;11;9.26375;9.1
20180911;laa;tex;1;0;11.1733;10.595
20180913;chc;was;4;3;10.8871;10.4875
20180913;lad;stl;9;7;10.9771;8.36286
20180913;sea;laa;8;2;10.71;9.97
20180913;col;ari;10;3;11.595;11.5363
20180913;kan;min;6;4;9.46;10.3643
20180913;mia;nym;3;4;9.605;9.82375
20180913;bos;tor;4;3;10.7925;9.26286
20180913;mia2;nym2;2;5;9.4;9.68
20180913;oak;bal;3;5;12.0171;9.81429
20180910;cin;lad;10;6;9.01375;11.6063
20180910;col;ari;13;2;11.5788;11.6363
20180910;tam;cle;6;5;7.60333;9.72444
20180910;nyy;min;7;2;11.3687;9.195
20180910;tex;laa;5;2;9.59;9.45625
20180910;stl;pit;8;7;9.185;9.3525
20180910;atl;sfo;4;1;9.51875;8.65571
20180910;chw;kan;3;4;9.2425;9.01375
20180910;hou;det;3;2;11.5644;6.875
20180910;mil;chc;3;2;10.0717;9.90286
20180907;cin;sdg;12;6;11.1125;10.3512
20180907;tam;bal;14;2;9.26556;7.85667
20180907;col;lad;2;4;9.3725;12.05
20180907;oak;tex;8;4;10.1178;9.30333
20180907;atl;ari;3;5;9.10375;9.50375
20180907;det;stl;5;3;9.27333;10.2189
20180907;chw;laa;2;5;8.925;9.61555
20180907;hou;bos;6;3;9.77778;9.39
20180907;mia;pit;3;5;7.96625;10.4475
20180907;mil;sfo;4;2;10.6375;9.51
20180907;kan;min;6;10;9.74;10.95
20180907;tor;cle;3;2;8.30667;10.5144
20180907;nyy;sea;4;0;8.77875;9.05222
20180907;phi;nym;4;3;9.805;8.12125
20180906;cle;tor;9;4;10.3489;8.8175
20180906;sdg;cin;6;2;10.0775;10.7212
20180906;atl;ari;7;6;9.53625;10.2383
20180906;was;chc;4;6;9.95;10.1257
20180830;det;nyy;8;7;8.56333;11.5333
20180830;atl;chc;4;5;10.2687;10.4143
20180830;chw;bos;4;9;8.2725;11.1422
20180830;hou;laa;2;5;10.5256;7.99444
20180830;sdg;col;3;2;8.94857;11.1267
20180830;cle;min;5;3;10.6067;9.04778
20180830;lad;ari;1;3;10.7112;9.38714
20180830;mil;cin;2;1;12.1512;10.4025
20180830;sea;oak;7;1;9.95125;9.96375
20180830;stl;pit;5;0;9.8;10.1688
20180828;mil;cin;7;9;12.3775;10.7013
20180828;kan;det;6;2;8.60625;9.24333
20180828;atl;tam;9;5;11.2013;10.4638
20180828;chw;nyy;4;5;9.345;12.265
20180828;sdg;sea;2;1;9.30857;10.7288
20180828;hou;oak;3;4;11.0967;9.08444
20180828;bal;tor;12;5;10.5089;11.8511
20180828;was;phi;5;4;9.97875;9.05125
20180828;nym;chc;1;1;12.2013;12.3614
20180828;mia;bos;7;8;9.72667;11.9433
20180828;stl;pit;5;2;10.4663;9.70875
20180828;lad;tex;8;4;13.4533;10.8311
20180828;col;laa;3;2;9.68833;9.04
20180828;cle;min;8;1;10.8678;8.95667
20180828;sfo;ari;1;0;8.9725;8.92875
20180827;hou;oak;11;4;10.6989;8.56333
20180827;chw;nyy;6;2;8.9325;10.6978
20180827;bal;tor;7;0;10.2744;11.8311
20180827;col;laa;7;10;9.74125;8.46556
20180827;chc;nym;7;4;12.4914;12.5575
20180827;was;phi;5;3;11.4488;10.3488
20180827;sfo;ari;2;0;7.93857;9.545
20180823;chc;cin;7;1;12.6743;10.3463
20180823;kan;tam;3;4;8.25778;9.67667
20180823;det;chw;7;2;9.45778;9.31667
20180823;atl;mia;5;0;10.9237;9.235
20180823;sdg;col;3;4;10.1588;11.5457
20180823;phi;was;2;0;8.37625;9.155
20180823;sfo;nym;3;1;8.11625;8.81125
20180823;oak;min;4;6;11.7656;9.38556
20180823;bos;cle;7;0;10.5367;8.81889
20180822;cle;bos;4;10;9.53222;8.85889
20180822;hou;sea;10;7;9.57889;9.01333
20180822;chw;min;7;3;9.1225;9.29889
20180822;atl;pit;2;1;10.3263;10.0925
20180822;sdg;col;2;6;9.52572;11.48
20180822;det;chc;2;8;9.27111;11.405
20180822;ari;laa;5;1;11.0788;9.47333
20180822;mia;nyy;9;3;8.31375;9.83714
20180822;mil;cin;4;0;10.795;8.13
20180822;kan;tam;3;6;8.43889;9.68889
20180822;phi;was;7;8;9.2125;10.8188
20180822;nym;sfo;5;3;9.4525;8.2975
20180822;tor;bal;6;0;10.8444;9.28667
20180822;tex;oak;4;2;9.82778;9.64778
20180822;stl;lad;3;1;9.90286;11.0563
20180903;col;sfo;9;8;11.3514;10.3714
20180903;tam;tor;7;1;11.424;9.102
20180903;kan;cle;5;1;9.81429;11.3289
20180903;mil;chc;4;3;9.86625;10.9071
20180903;pit;cin;5;1;10.6837;9.91375
20180903;was;stl;4;3;10.5875;8.98875
20180903;nym;lad;4;2;8.53286;9.56429
20180903;chw;det;4;2;9.35;9.21778
20180903;hou;min;4;1;10.24;8.36556
20180903;atl;bos;2;8;10.3488;11.025
20180903;sdg;ari;6;2;8.86857;11.4517
20180903;mia;phi;3;1;8.6375;10.1188
20180903;nyy;oak;3;6;10.0212;9.51375
20180903;laa;tex;3;1;11.0313;11.4237
20180903;bal;sea;1;2;8.81857;11.0644
20180821;atl;pit;6;1;10.8937;9.77875
20180821;sdg;col;4;3;10.3188;10.965
20180821;hou;sea;3;2;9.92;9.44714
20180821;chw;min;2;5;9.23625;9.75889
20180821;det;chc;2;1;8.29;10.7289
20180821;ari;laa;5;4;10.9575;8.81286
20180821;tor;bal;8;2;9.31111;9.26778
20180821;cle;bos;6;3;10.2011;10.3756
20180821;was;phi;10;4;10.6988;9.96875
20180821;nym;sfo;6;3;8.775;9.23875
20180821;oak;tex;6;0;10.4386;7.96
20180821;cin;mil;9;7;9.13125;11.0462
20180821;stl;lad;5;2;10.2329;11.6243
20180821;tam;kan;4;1;10.6311;7.74
20180821;mia;nyy;1;2;8.02;10.1157
20180820;tor;bal;5;3;10.0122;9.15444
20180820;sea;hou;7;4;9.47625;10.0514
20180820;chw;min;8;5;9.63125;10.4111
20180820;atl;pit;1;0;9.82375;9.96
20180820;oak;tex;9;0;10.2587;9.0575
20180820;stl;lad;5;3;9.72167;12.01
20180820;cle;bos;5;4;9.94111;8.99556
20180820;mil;cin;5;2;12.015;9.54625
20180820;kan;tam;0;1;8.27667;10.6122
20180820;nym;sfo;1;2;9.5975;10.1
20180831;stl;cin;12;5;11.1475;10.0913
20180831;min;tex;10;7;11.0389;10.7489
20180831;kan;bal;9;2;10.0587;9.90444
20180831;mil;was;4;1;10.9175;10.7137
20180831;chw;bos;6;1;8.3;10.3
20180831;sdg;col;7;0;8.93857;10.6667
20180831;atl;pit;2;3;9.59375;9.535
20180831;det;nyy;5;7;6.97556;9.68
20180831;hou;laa;0;3;10.8967;9.67889
20180831;sfo;nym;7;0;8.722;8.44667
20180831;ari;lad;2;3;9.97875;10.23
20180831;oak;sea;7;5;9.65222;9.85334
20180831;mia;tor;5;6;8.735;9.5625
20180831;chc;phi;1;2;9.87428;10.1575
20180831;cle;tam;3;0;10.4389;8.01889
20180819;lad;sea;12;1;11.4533;8.64143
20180819;oak;hou;4;9;7.90333;9.73556
20180819;chw;kan;7;6;10.4237;9.30625
20180819;sdg;ari;3;4;8.53429;10.6657
20180819;det;min;4;5;9.36444;11.0867
20180819;atl;col;2;4;9.9375;9.59375
20180819;mia;was;12;1;9.26375;12.2529
20180819;bos;tam;0;2;10.7725;9.80111
20180819;tex;laa;4;2;11.9722;10.6475
20180819;mil;stl;2;1;11.7013;10.3587
20180819;cin;sfo;11;4;10.2075;10.6337
20180819;cle;bal;8;0;10.9556;8.76333
20180819;tor;nyy;2;10;8.72556;10.0912
20180819;phi;nym;2;8;12.968;9.86875
20180819;chc;pit;1;2;9.8675;9.5225
20180905;laa;tex;9;3;10.53;11.2978
20180905;col;sfo;5;3;11.34;10.0071
20180905;tam;tor;3;10;10.6744;9.97667
20180905;hou;min;9;1;10.3556;8.70444
20180905;det;chw;10;2;8.39333;9.41875
20180905;atl;bos;8;9;10.2513;9.455
20180905;stl;was;7;6;10.4475;9.9975
20180905;sea;bal;5;2;10.87;8.78
20180905;mia;phi;2;1;8.59125;10.815
20180905;nym;lad;7;3;9.225;11.0413
20180905;nyy;oak;2;8;9.76;8.43125
20180905;cin;pit;2;3;9.6825;11.1137
20180905;chc;mil;6;4;10.7357;10.1437
20180905;cle;kan;3;1;10.6222;7.55556
20180426;chw;kan;6;3;8.03778;9.77556
20180426;atl;cin;7;4;10.8888;9.9675
20180426;det;pit;0;1;8.7625;9.17875
20180426;ari;phi;8;2;9.52875;10.1075
20180426;tor;bos;4;5;7.755;10.3233
20180426;tam;bal;9;5;9.06444;8.86889
20180426;mil;chc;0;1;9.1275;10.545
20180426;min;nyy;3;4;8.86222;11.0289
20180426;cle;sea;4;5;9.22667;9.86889
20180426;stl;nym;4;3;8.33625;8.31625
20180816;nym;phi;24;4;10.6812;11.8713
20180816;was;stl;5;4;11.7786;10.6725
20180816;min;det;15;8;10.57;9.28555
20180816;col;atl;5;3;10.325;10.2275
20180816;tam;nyy;3;1;9.63667;10.505
20180816;sdg;ari;1;5;9.1025;9.88375
20180816;phi2;nym2;9;6;11.6829;11.1233
20180816;tex;laa;8;6;11.7389;11.1722
20180816;kan;tor;6;2;9.08125;9.86778
20180816;chc;pit;1;0;10.5662;9.4225
20180411;chc;pit;13;5;9.85375;8.3375
20180411;nyy;bos;10;7;9.66556;9.43444
20180411;min;hou;9;8;9.65444;11.2744
20180411;atl;was;5;3;10.06;10.5875
20180411;sdg;col;4;6;12.1825;12.8288
20180411;det;cle;1;5;7.61;10.2711
20180411;chw;tam;2;1;8.94;9.77778
20180411;oak;lad;16;6;8.58833;9.61143
20180411;ari;sfo;7;3;9.03875;9.4575
20180411;mia;nym;1;4;9.54;10.0413
20180411;sea;kan;4;2;8.95556;8.35778
20180411;phi;cin;4;3;9.38125;9.77286
20180411;laa;tex;7;2;12.4425;10.7178
20180411;mil;stl;3;2;9.05875;10.01
20180411;bal;tor;5;3;9.25667;8.65875
20180814;atl;mia;10;6;11.3013;9.31
20180814;chw;det;6;3;9.40222;9.70889
20180814;sdg;laa;3;7;9.49833;8.78
20180814;hou;col;1;5;9.64889;7.80667
20180814;mil;chc;7;0;11.1637;11.4062
20180814;kan;tor;5;6;9.12429;10.5133
20180814;stl;was;6;4;9.8625;11.1929
20180814;cle;cin;8;1;11.8788;8.7525
20180814;bos;phi;2;1;11.2125;9.97625
20180814;tam;nyy;1;4;8.45222;10.4862
20180814;tex;ari;4;6;9.58;11.76
20180814;oak;sea;3;2;8.66778;10.0078
20180814;bal;nym;6;3;10.8333;10.5322
20180814;min;pit;5;2;9.52667;10.5056
20180814;lad;sfo;1;2;11.2243;9.56333
20180402;was;atl;8;1;11.97;9.5125
20180402;pit;min;5;4;9.3425;8.965
20180402;tor;chw;4;2;10.3656;8.97667
20180402;stl;mil;8;4;10.2163;9.48625
20180402;lad;ari;7;8;11.3714;10.97
20180402;oak;tex;3;1;10.3644;9.16
20180402;chc;cin;0;1;12.5175;10.5813
20180402;cle;laa;6;0;9.75;9.15889
20180402;col;sdg;7;4;9.50429;9.06571
20180402;mia;bos;3;7;9.33625;10.4525
20180402;bal;hou;1;6;9.29111;11.7844
20180402;kan;det;1;6;9.85111;9.61778
20180506;cin;mia;5;8;12.0613;11.745
20180506;laa;sea;8;2;10.275;10.3344
20180506;col;nym;3;2;7.3825;9.10125
20180506;tam;tor;1;2;8.27222;7.91222
20180506;min;chw;5;3;10.3375;8.25857
20180506;kan;det;4;2;9.06556;8.07333
20180506;mil;pit;0;9;10.175;9.9675
20180506;bos;tex;6;1;11.9356;8.3275
20180506;stl;chc;4;3;9.87833;10.6417
20180506;sdg;lad;3;0;10.225;11.2425
20180506;hou;ari;1;3;11.6387;8.35625
20180506;atl;sfo;3;4;10.5786;9.155
20180506;nyy;cle;7;4;9.74;9.96333
20180506;phi;was;4;5;8.1375;9.64875
20180506;bal;oak;1;2;7.78;9.35778
20180806;ari;phi;3;2;9.62125;10.1075
20180806;laa;det;6;2;8.94;9.10143
20180806;cle;min;10;0;10.6056;9.03111
20180806;hou;sfo;3;1;9.17714;8.10375
20180806;chw;nyy;0;7;9.3075;11.6388
20180806;chc;kan;3;1;11.3011;8.6175
20180806;nym;cin;6;4;10.815;8.78625
20180806;sea;tex;4;3;11.7644;10.1867
20180806;mia;stl;2;1;8.75875;10.9737
20180806;col;pit;2;0;11.1863;11.05
20180805;bal;tex;9;6;10.5944;11.8867
20180805;chw;tam;8;7;8.9575;10.0188
20180805;atl;nym;5;4;10.8438;9.5775
20180805;sdg;chc;10;6;11.0575;12.6675
20180805;hou;lad;2;3;10.7712;10.2787
20180805;det;oak;0;6;8.05111;10.53
20180805;sea;tor;6;3;9.19333;8.61
20180805;col;mil;5;4;10.82;9.835
20180805;sfo;ari;3;2;10.375;10.4875
20180805;cle;laa;4;3;11.8278;8.78111
20180805;kan;min;5;6;9.38556;9.83556
20180805;bos;nyy;5;4;9.895;10.1214
20180805;mia;phi;3;5;8.45375;12.0912
20180805;pit;stl;1;2;9.78;10.0175
20180805;was;cin;2;1;11.6857;9.55
20180627;hou;tor;7;6;9.95;8.59125
20180627;chw;min;6;1;8.86333;10.1678
20180627;atl;cin;5;6;10.4537;10.3575
20180627;sdg;tex;2;5;10.3222;10.8244
20180627;det;oak;0;3;10.1089;11.4967
20180627;chc;lad;5;7;8.43333;9.03
20180627;bos;laa;9;6;10.9233;10.0111
20180627;mia;ari;1;2;8.16125;9.34625
20180627;sea;bal;8;7;10.8211;10.3944
20180627;phi;nyy;3;0;9.65625;10.3438
20180627;mil;kan;4;5;10.5857;8.96714
20180627;cle;stl;5;1;10.4338;9.51875
20180627;sfo;col;1;0;9.54143;8.82833
20180627;nym;pit;3;5;9.11375;8.8025
20180802;lad;mil;21;5;11.5171;9.39625
20180802;was;cin;10;4;12.29;8.17625
20180802;nym;atl;2;4;10.0525;11.185
20180802;tex;bal;17;8;11.6189;10.38
20180802;nyy;bos;7;15;11.2413;10.6587
20180802;sea;tor;3;7;10.365;9.86286
20180802;mia;phi;2;5;10.1925;11.7825
20180802;sdg;chc;6;1;10.2525;11.1137
20180802;chw;kan;6;4;10.2837;8.96125
20180802;sfo;ari;8;1;8.905;10.015
20180802;col;stl;2;3;9.50875;10.11
20180802;tam;laa;4;2;9.46222;9.72222
20180731;was;nym;25;4;11.1586;9.62625
20180731;chc;pit;4;5;9.6525;9.7425
20180731;laa;tam;6;10;9.72778;9.07444
20180731;hou;sea;5;2;10.4633;9.19571
20180731;atl;mia;11;6;10.67;9.27625
20180731;chw;kan;2;4;9.53889;9.97286
20180731;det;cin;2;1;10.1614;9.43889
20180731;sdg;sfo;2;3;9.2225;10.3763
20180731;col;stl;6;3;10.3429;9.6225
20180731;oak;tor;6;2;9.94375;9.47
20180731;cle;min;6;2;9.88778;8.60111
20180731;nyy;bal;6;3;11.3775;8.10889
20180731;ari;tex;6;0;10.83;9.20429
20180731;mil;lad;1;0;10.3787;10.9438
20180731;bos;phi;1;3;9.95556;10.3156
20180726;nym;pit;12;6;9.8675;9.98
20180726;was;mia;10;3;10.7413;9.19375
20180726;chw;laa;8;12;9.715;11.3625
20180726;atl;lad;2;8;10.2037;11.6938
20180726;oak;tex;7;6;12.0333;10.7089
20180726;phi;cin;9;4;11.9762;11.1625
20180726;ari;chc;6;7;10.9937;10.1938
20180726;mil;sfo;7;5;9.87167;9.32143
20180726;kan;nyy;2;7;9.05625;11.8787
20180726;bal;tam;3;4;10.2989;10.9088
20180726;bos;min;1;2;10.8163;9.56
20180703;chw;cin;12;8;10.215;12.25
20180703;atl;nyy;5;8;9.54;10.6511
20180703;hou;tex;5;3;11.7656;9.59778
20180703;sdg;oak;2;6;9.06889;9.78333
20180703;det;chc;3;5;7.88286;9.43875
20180703;lad;pit;8;3;10.7375;7.1825
20180703;bos;was;11;4;11.1075;10.5229
20180703;mia;tam;6;9;8.89625;9.24125
20180703;col;sfo;8;1;12.3443;12.44
20180703;nym;tor;6;8;9.60778;10.0322
20180703;cle;kan;6;4;10.61;8.28375
20180703;ari;stl;4;2;9.985;9.39875
20180703;mil;min;2;0;10.3387;9.13625
20180703;sea;laa;4;1;9.98333;10.395
20180703;bal;phi;2;3;10.4175;10.7475
20180725;laa;chw;11;3;11.2786;9.27778
20180725;oak;tex;6;5;12.3267;11.5822
20180725;min;tor;12;6;10.2033;9.39333
20180725;det;kan;8;4;9.65333;9.2025
20180725;sdg;nym;4;6;9.13875;9.4775
20180725;hou;col;2;3;11.9975;11.0157
20180725;cin;stl;7;3;10.7587;12.1725
20180725;phi;lad;7;3;9.54875;9.765
20180725;was;mil;7;3;10.7971;10.525
20180725;tam;nyy;3;2;9.01333;10.25
20180725;cle;pit;4;0;9.78778;8.50667
20180725;sea;sfo;3;2;10.6378;9.82222
20180725;ari;chc;1;2;9.815;9.97375
20180730;cle;min;4;5;10.62;9.91889
20180730;tex;ari;9;5;9.4425;10.5288
20180730;col;stl;4;5;9.59714;9.6575
20180730;lad;mil;2;5;10.5043;9.84143
20180730;oak;tor;10;1;9.47;9.2475
20180730;sfo;sdg;5;3;10.6329;10.1425
20180730;bos;phi;2;1;9.62778;9.50445
20180730;mia;atl;3;5;9.82375;11.1838
20180730;hou;sea;0;2;9.19875;9.25429
20180909;atl;ari;9;5;9.92;9.9225
20180909;sdg;cin;7;6;9.66;9.91875
20180909;hou;bos;5;6;10.1556;10.3986
20180909;det;stl;2;5;9.07;9.85667
20180909;chw;laa;0;1;8.44445;10.17
20180909;col;lad;6;9;11.4188;12.1488
20180909;tam;bal;8;3;9.80222;7.98
20180909;mil;sfo;6;3;10.0738;9.01625
20180909;kan;min;1;3;9.96875;10.2556
20180909;nym;phi;6;4;8.1075;9.78625
20180909;tor;cle;6;2;8.65111;10.6967
20180909;tex;oak;3;7;9.05444;10.1556
20180909;sea;nyy;3;2;8.5725;8.68444
20180724;bos;bal;6;7;11.3333;9.60222
20180724;mia;atl;9;3;8.99714;9.56125
20180724;lad;phi;4;7;10.2587;10.1412
20180724;tex;oak;10;13;10.5533;10.8567
20180724;stl;cin;4;2;12.9025;11.205
20180724;min;tor;5;0;9.28778;8.86333
20180724;hou;col;8;2;12.4475;10.9257
20180724;chw;laa;4;2;9.77875;10.78
20180724;det;kan;4;5;10.4422;10.1744
20180724;sdg;nym;3;6;10.0887;10.8525
20180724;pit;cle;9;4;9.32111;10.8211
20180724;was;mil;4;5;10.0243;11.0413
20180724;ari;chc;5;1;8.9275;10.1412
20180724;sea;sfo;3;4;10.1544;10.2283
20180724;nyy;tam;4;0;10.4637;8.55667
20180722;sea;chw;8;2;10.6778;9.32111
20180722;oak;sfo;6;5;9.06111;9.26
20180722;lad;mil;11;2;10.59;9.455
20180722;laa;hou;14;5;9.0125;10.7767
20180722;pit;cin;9;2;10.2887;10.09
20180722;tex;cle;5;0;9.87444;11.4478
20180722;was;atl;6;2;11.8057;8.435
20180722;tor;bal;5;4;10.0356;8.59111
20180722;bos;det;9;1;10.225;7.25444
20180722;mia;tam;4;6;8.86;9.78111
20180722;phi;sdg;2;10;11.1925;9.70143
20180722;kan;min;5;3;9.59778;11.0611
20180722;phi2;sdg2;5;0;11.2733;9.01
20180722;ari;col;6;1;10.6437;9.42333
20180722;chc;stl;7;2;9.555;9.4975
20180813;det;chw;9;5;9.61;10.3075
20180813;atl;mia;9;1;11.2275;8.655
20180813;sdg;laa;3;6;9.70625;9.95625
20180813;cle;cin;10;3;12.15;9.7075
20180813;stl;was;7;6;10.715;11.0857
20180813;oak;sea;7;6;9.13778;9.5575
20180813;tex;ari;5;3;9.60556;11.7256
20180813;atl2;mia2;6;1;11.2525;8.94
20180813;nym;nyy;8;5;8.45556;9.595
20180813;kan;tor;3;1;9.62125;10.5233
20180813;lad;sfo;2;5;10.34;8.025
20180424;laa;hou;8;7;9.72445;11.0767
20180424;cin;atl;9;7;9.8425;10.4675
20180424;nyy;min;8;3;9.46556;8.78778
20180424;chw;sea;0;1;8.98889;10.6078
20180424;sdg;col;0;8;10.995;12.1062
20180424;chc;cle;10;3;10.0389;9.70222
20180424;tor;bos;4;3;9.16875;9.83
20180424;stl;nym;5;6;10.9963;8.9375
20180424;was;sfo;3;4;9.90714;9.32625
20180424;ari;phi;8;4;9.44125;10.0775
20180424;mil;kan;5;2;10.1367;8.92667
20180424;oak;tex;3;2;10.8567;10.3889
20180424;mia;lad;3;2;8.57572;10.4925
20180720;stl;chc;18;5;10.9975;11.7637
20180720;mia;tam;6;5;8.93556;9.54778
20180720;bos;det;1;0;11.435;8.92889
20180720;col;ari;11;10;10.425;10.2238
20180720;atl;was;8;5;9.3075;11.2943
20180720;sdg;phi;5;11;8.695;10.66
20180720;hou;laa;3;1;10.4175;9.295
20180720;chw;sea;1;3;8.80875;10.4
20180720;tex;cle;8;9;9.5625;11.0575
20180720;mil;lad;4;6;9.79125;10.9937
20180720;kan;min;6;5;9.40889;9.82778
20180720;tor;bal;8;7;9.87333;9.14222
20180720;pit;cin;12;1;10.9457;9.5675
20180720;nym;nyy;7;5;9.30222;9.56875
20180720;sfo;oak;5;1;9.70857;9.81778
20180711;cle;cin;19;4;10.3378;8.90111
20180711;atl;tor;9;5;10.4362;9.825
20180711;det;tam;2;4;8.09778;9.26111
20180711;hou;oak;3;8;10.4544;7.96889
20180711;sdg;lad;2;4;8.54429;10.6038
20180711;chw;stl;4;0;9.07444;10.8367
20180711;col;ari;19;2;11.6543;12.08
20180711;kan;min;5;8;10.2425;11.7367
20180711;mil;mia;4;5;10.56;8.25
20180711;chc;sfo;4;5;10.135;9.785
20180711;nyy;bal;9;0;11.06;8.75889
20180711;pit;was;2;0;9.60625;10.4187
20180711;tex;bos;2;4;7.65111;11.4233
20180711;nym;phi;3;0;9.04833;8.42875
20180711;sea;laa;3;0;10.67;9.56667
20180522;cin;pit;7;2;10.4412;11.6188
20180522;cle;chc;10;1;9.675;9.64
20180522;hou;sfo;11;2;11.2844;8.27667
20180522;atl;phi;3;1;10.1987;10.5375
20180522;sdg;was;1;2;10.1087;11.0737
20180522;chw;bal;3;2;8.08;9.67556
20180522;det;min;0;6;9.83111;10.3711
20180522;bos;tam;4;2;10.5811;7.50125
20180522;mia;nym;5;1;9.05;8.37143
20180522;tex;nyy;6;4;10.1867;12.5344
20180522;lad;col;5;3;10.1457;9.465
20180522;tor;laa;5;3;9.00556;10.1333
20180522;kan;stl;5;1;8.55375;10.5187
20180522;mil;ari;1;0;10.9738;9.38
20180522;sea;oak;3;2;9.31625;9.48556
20180804;ari;sfo;9;3;11.28;9.84625
20180804;col;mil;4;8;8.85;9.26714
20180804;tam;chw;1;2;8.64778;8.27555
20180804;cin;was;7;1;10.4438;12.43
20180804;hou;lad;14;0;10.3983;10.1225
20180804;sdg;chc;4;5;9.2775;11.9075
20180804;det;oak;1;2;8.71857;9.89
20180804;atl;nym;0;3;10.97;10.29
20180804;min;kan;8;2;10.8244;9.23167
20180804;stl;pit;8;4;10.0086;10.2283
20180804;was2;cin2;6;2;12.77;10.255
20180804;phi;mia;8;3;11.9017;10.0483
20180804;tor;sea;5;1;8.27625;10.095
20180804;bos;nyy;4;1;10.3844;9.2475
20180804;tex;bal;3;1;10.5817;9.805
20180804;cle;laa;3;0;12.4963;8.69857
20180421;hou;chw;10;1;12.39;9.01667
20180421;det;kan;12;4;9.75444;11.05
20180421;atl;nym;4;3;8.3;9.32875
20180421;sdg;ari;2;6;9.80625;10.845
20180421;tam;min;10;1;9.25445;9.17444
20180421;col;chc;5;2;10.4925;13.3814
20180421;phi;pit;6;2;10.4462;8.765
20180421;oak;bos;3;0;8.01111;9.50556
20180421;laa;sfo;4;3;12.1489;9.58286
20180421;nyy;tor;9;1;9.30222;8.3525
20180421;sea;tex;9;7;11.6978;8.42889
20180421;mil;mia;6;5;11.1488;8.87375
20180421;stl;cin;4;3;10.5263;8.90375
20180421;cle;bal;4;0;10.6633;8.67889
20180421;lad;was;4;0;9.49875;9.99125
20180512;cle;kan;6;2;10.3011;9.14111
20180512;col;mil;4;0;11.3813;11.7375
20180512;tam;bal;3;6;9.95444;9.77556
20180512;atl;mia;10;5;10.0943;8.695
20180512;tam2;bal2;10;3;10.6443;10.19
20180512;hou;tex;6;1;10.2456;8.65556
20180512;chw;chc;4;8;7.90625;10.3975
20180512;det;sea;4;3;9.37778;11.1722
20180512;sdg;stl;2;1;9.49875;10.2925
20180512;nyy;oak;7;6;10.6511;9.60889
20180512;det2;sea2;5;9;9.805;10.5912
20180512;pit;sfo;6;5;10.3062;10.26
20180512;cin;lad;5;3;8.39375;9.46375
20180512;bos;tor;5;2;10.3022;9.10444
20180512;min;laa;5;3;9.47556;9.79333
20180512;was;ari;2;1;11.1937;8.985
20180529;laa;det;9;2;11.2111;9.88111
20180529;nyy;hou;6;5;10.2363;10.1744
20180529;nym;atl;6;7;9.77625;9.785
20180529;was;bal;3;2;10.5989;10.7163
20180529;bos;tor;8;3;11.0067;9.42778
20180529;mia;sdg;5;9;9.14833;9.57
20180529;sfo;col;4;11;12.6087;13.0829
20180529;chc;pit;8;6;11.6788;9.875
20180529;cle;chw;7;3;11.6678;8.80333
20180529;phi;lad;6;1;7.83667;8.80125
20180529;tex;sea;9;5;8.30111;9.74111
20180529;stl;mil;6;1;9.20125;9.6625
20180529;ari;cin;5;2;9.5725;10.3913
20180529;tam;oak;4;3;9.23556;8.84445
20180529;kan;min;2;1;9.27667;10.1256
20180709;pit;was;6;3;11.0325;11.6157
20180709;nyy2;bal2;10;2;11.935;9.77375
20180709;cin;cle;7;5;9.66444;10.7856
20180709;bos;tex;5;0;11.3925;9.24556
20180709;mia;mil;4;3;8.5225;10.2113
20180709;bal;nyy;5;4;9.62667;11.7033
20180709;nym;phi;4;3;9.5675;10.2362
20180709;phi2;nym2;3;1;10.15;9.22143
20180709;oak;hou;2;0;8.69555;10.9478
20180709;det;tam;9;10;7.41222;9.64556
20180709;sdg;lad;2;8;8.1675;12.2914
20180709;kan;min;1;3;9.6675;10.3244
20180709;sfo;chc;2;1;9.25667;9.97625
20180818;laa;tex;11;7;11.2075;9.89857
20180818;nyy;tor;11;6;12.5962;9.02667
20180818;det;min;7;5;10.4775;11.1425
20180818;atl;col;3;5;10.5037;10.2262
20180818;sdg;ari;7;6;8.69714;10.24
20180818;hou;oak;1;7;10.0622;9.59778
20180818;chw;kan;1;3;10.5186;9.98286
20180818;bal;cle;4;2;9.32;10.6389
20180818;sea;lad;5;4;9.87778;10.8812
20180818;bos;tam;5;2;11.6462;9.59714
20180818;mia;was;7;5;10.3933;12.805
20180818;nym;phi;3;1;9.66125;9.46375
20180818;stl;mil;7;2;10.8129;10.572
20180818;cin;sfo;7;1;9.71714;11.7
20180818;chc;pit;1;3;9.79714;10.274
20180807;sdg;mil;11;5;9.425;11.0525
20180807;det;laa;5;11;9.455;11.2889
20180807;hou;sfo;2;1;8.8925;8.32625
20180807;chw;nyy;3;4;8.98333;10.3825
20180807;atl;was;3;8;11.1513;11.7414
20180807;tex;sea;11;4;10.4833;11.2478
20180807;bos;tor;10;7;10.3056;10.1611
20180807;mia;stl;2;3;8.32875;9.7775
20180807;nym;cin;1;6;10.4637;10.1875
20180807;pit;col;10;2;11.6875;11.4838
20180807;chc;kan;5;0;10.4622;8.50375
20180807;min;cle;3;2;8.43333;10.6467
20180807;oak;lad;2;4;9.52222;9.6175
20180807;bal;tam;3;4;8.47222;9.86333
20180807;phi;ari;5;2;8.4575;9.66125
20180807;atl2;was2;3;1;10.6513;11.7757
20180405;phi;mia;5;0;10.9375;10.3775
20180405;nym;was;8;2;8.79125;9.73714
20180405;chw;det;7;9;9.83556;9.94667
20180405;sdg;col;1;3;8.8775;9.8725
20180405;chc;mil;8;0;10.3925;9.44125
20180405;bal;nyy;5;2;8.78111;11.14
20180405;pit;cin;5;2;10.6737;9.95
20180405;min;sea;4;2;9.54667;10.3411
20180405;tex;oak;6;3;9.29667;9.68
20180405;tam;bos;2;3;8.40333;10.7367
20180405;ari;stl;3;1;9.3;10.745
20180817;chw;kan;9;3;10.0212;9.64889
20180817;sdg;ari;4;9;9.33875;10.025
20180817;hou;oak;3;4;9.9375;8.72
20180817;det;min;4;5;9.83111;10.0522
20180817;atl;col;5;11;10.79;10.81
20180817;tam;bos;3;7;9.72333;10.6711
20180817;lad;sea;11;1;10.4022;10.1433
20180817;mia;was;2;8;7.92375;12.9814
20180817;cle;bal;2;1;11.2467;7.98
20180817;nyy;tor;7;5;10.4537;9.63556
20180817;nym;phi;2;4;7.8775;8.54
20180817;chc;pit;1;0;10.2987;9.49625
20180817;laa;tex;4;6;11.1033;10.9378
20180817;mil;stl;2;5;10.0075;9.535
20180817;sfo;cin;1;2;11.125;10.4575
20180803;laa;cle;7;4;9.01111;11.6422
20180803;tex;bal;11;3;13.3025;11.3944
20180803;chc;sdg;5;4;10.205;8.5925
20180803;ari;sfo;6;3;10.545;9.80714
20180803;stl;pit;6;7;9.26125;10.1275
20180803;tor;sea;7;2;9.24125;10.7213
20180803;kan;min;4;6;10.1325;11.9289
20180803;mil;col;5;3;10.9013;10.0843
20180803;chw;tam;3;2;9.29625;10.3456
20180803;atl;nym;2;1;8.7575;9
20180803;hou;lad;2;1;9.68833;9.69333
20180803;det;oak;0;1;9.14;9.44125
20180803;nyy;bos;1;4;9.76875;8.80375
20180803;phi;mia;5;1;10.1475;9.0025
20180508;kan;bal;15;7;9.53111;9.89333
20180508;mil;cle;3;2;8.62143;10.7137
20180508;nyy;bos;3;2;10.88;8.73444
20180508;chw;pit;6;10;9.1625;10.7056
20180508;det;tex;7;4;9.23778;10.9429
20180508;hou;oak;4;2;9.18222;8.04714
20180508;atl;tam;1;0;9.05625;9.03
20180508;sdg;was;0;4;9.5275;11.0771
20180508;cin;nym;7;2;11.88;11.0788
20180508;col;laa;4;2;11.485;11.8337
20180508;mia;chc;3;4;9.215;10.3038
20180508;lad;ari;5;8;9.01375;8.79714
20180508;min;stl;7;1;9.2625;10.1875
20180508;sea;tor;5;0;9.93556;9.09444
20180508;phi;sfo;4;2;11.8825;9.6825
20180727;pit;nym;5;4;9.6375;9.43286
20180727;tor;chw;10;5;10.0222;8.87875
20180727;cle;det;8;3;11.7638;8.44444
20180727;was;mia;9;1;10.7614;7.4325
20180727;bal;tam;15;5;8.01111;10.1111
20180727;tex;hou;11;2;8.31125;10.5389
20180727;laa;sea;4;3;10.125;10.3337
20180727;stl;chc;5;2;10.4025;10.1388
20180727;sdg;ari;2;6;7.90375;9.89429
20180727;atl;lad;1;4;9.00125;11.9075
20180727;bos;min;4;3;11.4737;7.79
20180727;cin;phi;6;4;9.9075;10.6837
20180727;col;oak;3;1;11.4557;12.3138
20180727;mil;sfo;3;1;8.742;9.01429
20180723;phi;lad;6;7;9.415;11.5725
20180723;oak;tex;15;3;11.0856;10.4844
20180723;tam;nyy;7;6;7.78444;10.7275
20180723;pit;cle;7;0;8.50778;11.0467
20180723;atl;mia;12;1;10.0112;9.28375
20180723;chw;laa;5;3;9.2775;10.895
20180723;det;kan;5;4;10.3167;9.70889
20180723;sdg;nym;3;2;7.9675;10.0475
20180723;min;tor;8;3;10.2678;10.2033
20180723;bal;bos;3;5;8.93;11.4167
20180723;ari;chc;7;1;10.14;9.92375
20180723;mil;was;6;1;10.0225;10.9557
20180723;cin;stl;2;1;10.825;11.55
20180904;cle;kan;9;3;11.2733;8.6725
20180904;mia;phi;4;9;8.42714;9.80875
20180904;bos;atl;5;1;11.0229;9.96375
20180904;stl;was;11;8;10.65;10.825
20180904;cin;pit;3;7;10.0375;10.6675
20180904;det;chw;8;3;9.17333;9.7175
20180904;hou;min;5;2;10.5611;7.06667
20180904;sdg;ari;0;6;9.905;10.4725
20180904;lad;nym;11;4;11.1357;8.1875
20180904;sea;bal;3;5;10.7743;8.70714
20180904;mil;chc;11;1;10.7025;11.335
20180904;col;sfo;6;2;11.595;10.4462
20180904;tam;tor;4;0;10.4444;10.6222
20180904;tex;laa;4;2;10.6822;11.4167
20180904;nyy;oak;5;1;9.66889;9.31875
20180626;stl;cle;11;2;8.03875;10.0175
20180626;chc;lad;9;4;9.16429;9.24375
20180626;hou;tor;7;0;11.1267;8.72222
20180626;det;oak;7;9;9.85;10.2844
20180626;chw;min;8;4;8.81;9.76333
20180626;sdg;tex;3;2;10.1989;10.8167
20180626;atl;cin;3;5;11.6375;11.7325
20180626;bos;laa;9;1;11.65;10.3856
20180626;mia;ari;3;5;8.265;10.075
20180626;mil;kan;5;1;10.3813;8.87571
20180626;sea;bal;3;2;10.2333;8.75333
20180626;nyy;phi;6;0;10.5371;8.08375
20180626;col;sfo;2;3;10.1517;9.57429
20180626;tam;was;1;0;7.46111;9.49
20180626;nym;pit;4;3;9.58125;9.13
20180611;sea;laa;5;3;9.72625;10.3989
20180611;mia;sfo;7;5;8.2775;11.0062
20180611;bos;bal;2;0;10.5756;9.19333
20180611;tam;tor;8;4;9.3;10.2256
20180611;stl;sdg;5;2;11.1875;9.675
20180611;ari;pit;9;5;9.93;9.72
20180611;chc;mil;7;2;9.98125;9.29625
20180611;chw;cle;0;4;8.17444;11.12
20180622;sea;bos;10;14;10.1189;10.28
20180622;mia;col;3;11;11.2137;14.2767
20180622;oak;chw;11;2;10.5244;9.20333
20180622;phi;was;12;2;9.2825;9.88571
20180622;chw2;oak2;6;4;9.45625;10.71
20180622;bal;atl;10;7;9.66625;10.1862
20180622;mil;stl;2;1;10.4387;10.5675
20180622;kan;hou;1;0;8.01875;11.0322
20180622;tex;min;8;1;10.8778;9.63556
20180622;cle;det;10;0;11.1167;8.24444
20180622;tam;nyy;2;1;8.60778;11.4
20180622;cin;chc;6;3;8.77625;10.2987
20180622;lad;nym;5;2;10.5937;8.53
20180622;sdg;sfo;6;2;9.42429;10.5133
20180622;laa;tor;2;1;9.57889;9.23143
20180622;pit;ari;1;2;8.855;9.4875
20180614;ari;nym;6;3;10.3425;10.9225
20180614;phi;col;9;3;10.2237;9.56286
20180614;sfo;mia;6;3;10.175;9.32125
20180614;cle;chw;5;2;10.4211;8.22333
20180614;atl;sdg;4;2;10.4913;9.7825
20180614;det;min;3;1;9.91889;10.2611
20180614;hou;oak;7;3;9.76111;7.45667
20180614;nyy;tam;4;3;10.0722;8.5
20180614;bos;sea;2;1;10.2433;9.35111
20180801;nyy;bal;5;7;10.6675;8.27556
20180801;lad;mil;6;4;11.4671;10.6843
20180801;kan;chw;10;5;9.61;10.0287
20180801;chc;pit;9;2;10.9113;9.915
20180801;hou;sea;8;3;9.77555;8.91444
20180801;det;cin;7;4;9.53;10.3778
20180801;tam;laa;7;2;9.43667;9.54889
20180801;col;stl;3;6;9.44375;9.7525
20180801;oak;tor;8;3;8.65222;8.73889
20180801;was;nym;5;3;9.71429;9.55375
20180801;cle;min;2;0;10.6167;8.79222
20180625;tam;was;11;0;8.91222;8.78889
20180625;tor;hou;6;3;7.72111;10.2233
20180625;atl;cin;5;4;10.6575;10.5475
20180625;det;oak;4;5;9.76778;11.3778
20180625;sdg;tex;4;7;9.86222;10.9611
20180625;nyy;phi;4;2;11.18;10.125
20180625;pit;nym;6;4;9.0175;8.53
20180625;sea;bal;5;3;11.0456;9.84889
20180625;ari;mia;5;9;9.90625;8.85625
20180625;stl;cle;4;0;9.31125;10.7413
20180625;kan;laa;2;0;8.4575;10.5178
20180625;chc;lad;1;2;9.46;10.9786
20180613;hou;oak;13;5;10.745;8.41333
20180613;det;min;5;2;9.07889;10.7133
20180613;atl;nym;2;0;9.0425;9.3725
20180613;sdg;stl;4;2;9.03625;11.0262
20180613;chw;cle;3;2;7.75556;10.6733
20180613;was;nyy;5;4;9.815;11.2038
20180613;laa;sea;6;8;10.4237;9.12
20180613;pit;ari;5;4;8.8225;9.30375
20180613;mil;chc;1;0;10.4838;10.2775
20180613;kan;cin;0;7;10.29;11.5944
20180613;phi;col;2;7;10.745;10.6717
20180613;sfo;mia;4;5;9.4925;9.0625
20180613;tam;tor;1;0;7.86;8.83889
20180613;bos;bal;5;1;12.5044;9.12778
20180613;lad;tex;3;2;10.1025;9.3425
20180912;laa;tex;8;1;10.8463;10.2733
20180912;mil;chc;5;1;8.705;9.42
20180912;kan;chw;2;4;8.07625;9.44667
20180912;col;ari;5;4;10.8462;11.1588
20180912;tam;cle;3;1;7.85444;8.28667
20180912;nym;mia;13;0;9.515;9.04
20180912;was;phi;5;1;9.46875;9.04375
20180912;oak;bal;10;0;11.7222;8.57
20180912;sdg;sea;5;4;8.83667;9.2375
20180912;hou;det;5;4;10.7656;7.75444
20180912;atl;sfo;2;1;9.3325;8.42625
20180912;lad;cin;8;1;12.4937;9.83375
20180912;pit;stl;4;3;9.555;9.41125
20180912;min;nyy;3;1;8.77222;11.64
20180912;bos;tor;1;0;11.0733;8.46778
20180810;tex;nyy;12;7;8.98889;10.42
20180810;bos;bal;19;12;12.48;9.7925
20180810;mia;nym;2;6;8.73286;9.9
20180810;pit;sfo;10;13;8.98429;9.26714
20180810;atl;mil;10;1;9.97125;10.6625
20180810;sdg;phi;2;0;9.31286;10.0887
20180810;det;min;5;3;9.32222;10.4011
20180810;chw;cle;1;0;9.15875;10.3944
20180810;hou;sea;2;5;9.40778;8.61444
20180810;lad;col;4;5;12.28;12.1425
20180810;tam;tor;7;0;10.1022;9.11889
20180810;stl;kan;7;0;11.1289;9.565
20180810;oak;laa;3;4;11.1156;9.82555
20180810;was;chc;2;3;9.87;10.0087
20180810;cin;ari;3;0;10.6375;12.08
20180606;lad;pit;9;11;10.2063;9.81125
20180606;tex;oak;8;2;10.1267;11.9122
20180606;was;tam;11;2;10.23;9.37375
20180606;nym;bal;0;1;9.45125;9.67
20180606;mia;stl;11;3;9.26286;11.2112
20180606;bos;det;7;1;9.39222;8.46
20180606;phi;chc;5;7;10.1487;10.9125
20180606;laa;kan;4;3;10.37;8.2825
20180606;col;cin;6;3;11.8357;10.515
20180606;ari;sfo;4;5;9.6625;9.21
20180606;cle;mil;3;1;11.3278;9.53
20180606;sea;hou;5;7;9.21778;10.9133
20180606;chw;min;5;2;9.34778;11.6044
20180606;atl;sdg;1;3;9.15;9.24125
20180606;nyy;tor;3;0;10.2312;8.56778
20180829;mil;cin;13;12;12.355;9.74875
20180829;kan;det;9;2;8.23875;8.86556
20180829;bos;mia;14;6;11.75;9.17222
20180829;chw;nyy;4;1;9.3625;12.0925
20180829;atl;tam;5;8;10.4587;9.515
20180829;sdg;sea;8;3;9.41625;11.0675
20180829;hou;oak;5;4;10.3333;9.49889
20180829;bal;tor;10;5;9.70444;10.4067
20180829;nym2;chc2;10;3;9.61125;10.28
20180829;phi;was;8;6;11.3937;10.09
20180829;ari;sfo;3;1;9.0025;8.51125
20180829;lad;tex;3;1;11.6089;9.22667
20180829;min;cle;4;3;9.94111;10.98
20180829;pit;stl;2;0;9.9775;10.1325
20180605;atl;sdg;14;1;9.83857;8.885
20180605;chw;min;2;4;9.68444;11.0156
20180605;hou;sea;1;7;9.73889;9.74667
20180605;det;bos;0;6;9.15222;10.5756
20180605;oak;tex;4;7;11.9633;9.77444
20180605;nyy;tor;7;2;9.61875;8.69444
20180605;mia;stl;7;4;8.64375;10.4725
20180605;phi;chc;6;1;7.7325;9.97625
20180605;chw2;min2;6;3;9.55889;10.9225
20180605;col;cin;9;6;10.7743;10.5413
20180605;tam;was;2;4;7.50625;9.87375
20180605;lad;pit;5;0;9.5825;8.86
20180605;nym;bal;1;2;9.38625;10.4871
20180605;cle;mil;3;2;9.95111;8.04667
20180605;kan;laa;0;1;8.635;9.84375
20180605;ari;sfo;3;2;7.74857;9.11143
20180809;sea;hou;8;6;8.30556;8.75889
20180809;bos;tor;5;8;11.0075;9.73889
20180809;sdg;mil;8;4;8.99875;10.855
20180809;atl;was;3;6;9.7075;10.7886
20180809;nyy;tex;7;3;11.3275;8.91555
20180809;pit;sfo;10;5;8.785;9.21714
20180809;col;lad;5;8;11.865;12.8263
20180809;tam;bal;5;4;10.7;8.92889
20180809;min;cle;4;5;7.80444;10.0022
20180607;lad;pit;8;7;8.70875;8.99125
20180607;min;chw;7;2;11.0567;8.73222
20180607;det;bos;7;2;8.73444;9.17667
20180607;hou;tex;5;2;11.3356;9.64889
20180607;sea;tam;5;4;9.99667;9.20625
20180607;stl;mia;4;1;10.805;9.06375
20180607;tor;bal;5;4;10.05;9.82111
20180607;oak;kan;4;1;9.7875;8.97571
20180607;chc;phi;4;3;9.80625;9.35125
20180607;col;cin;5;7;11.3014;10.78
20180917;lad;col;8;2;9.85375;9.56714
20180917;mil;cin;8;0;10.6475;9.915
20180917;kan;pit;6;7;8.54571;9.76375
20180917;nym;phi;9;4;8.90625;9.7025
20180917;was;mia;5;8;10.3637;8.39375
20180917;stl;atl;11;6;9.575;9.62375
20180917;chc;ari;5;1;9.65625;9.6275
20180917;tor;bal;5;0;10.2467;9.55667
20180917;sdg;sfo;2;4;9.97857;9.26875
20180917;det;min;1;6;9.10889;10.2033
20180917;hou;sea;1;4;10.4562;9.95
20180917;tam;tex;3;0;11.74;10.7011
20180406;bal;nyy;7;3;9.50222;10.3156
20180406;laa;oak;13;9;10.4625;10.0111
20180406;pit;cin;14;3;9.495;9.81625
20180406;tor;tex;8;5;12.0286;10.63
20180406;atl;col;8;3;11.4675;12.5175
20180406;sdg;hou;4;1;8.17222;11.8467
20180406;mil;chc;5;4;9.0975;10.9929
20180406;kan;cle;2;3;8.23667;9.87667
20180604;sdg;atl;11;4;9.21667;9.46
20180604;det;nyy;4;7;9.05333;12.3737
20180604;sfo;ari;10;3;8.88857;9.355
20180604;laa;kan;9;6;10.645;9.05125
20180604;nyy2;det2;2;4;12.65;9.63445
20180524;hou;cle;8;2;10.5189;10.1189
20180524;chw;bal;3;9;9.37625;11.26
20180524;nym;mil;5;0;9.61875;10.3012
20180524;pit;cin;4;5;10.5788;10.91
20180524;tam;bos;6;3;8.74;9.95111
20180524;laa;tor;8;1;10.3867;9.95222
20180524;kan;tex;8;2;10.6912;9.94111
20180524;oak;sea;4;3;9.03778;8.42111
20180526;laa;nyy;11;4;9.98571;11.3433
20180526;hou;cle;6;8;9.58444;9.10778
20180526;chw;det;8;4;9.99556;10.8767
20180526;sdg;lad;7;5;8.27429;11.2986
20180526;atl;bos;6;8;11.3089;11.8833
20180526;mia;was;1;4;8.58625;10.2225
20180526;mil;nym;17;6;11.4914;10.7787
20180526;kan;tex;3;4;10.9467;11.79
20180526;sfo;chc;5;4;9.34714;11.6475
20180526;cin;col;6;5;12.4317;13.4643
20180526;sea;min;4;3;9.95625;10.0971
20180526;tam;bal;5;1;9.40667;9.74778
20180526;oak;ari;3;0;9.34889;8.33889
20180526;stl;pit;4;1;9.69125;9.37
20180526;phi;tor;2;1;10.8287;9.36625
20180420;chc;col;16;5;11.43;10.6017
20180420;det2;kan2;2;3;8.90429;10.0678
20180420;hou;chw;10;0;12.3562;8.02375
20180420;det;kan;3;2;9.56222;9.60889
20180420;atl;nym;3;5;8.505;9.7075
20180420;sdg;ari;4;1;10.9929;10.3686
20180420;sfo;laa;8;1;9.94833;10.0212
20180420;mil;mia;8;0;10.3363;8.975
20180420;sea;tex;6;2;10.7256;9.99333
20180420;tor;nyy;8;5;9.05375;10.4622
20180420;tam;min;8;7;9.28667;8.94
20180420;bos;oak;7;3;9.76375;9.6925
20180420;bal;cle;3;1;8.97111;9.75333
20180420;lad;was;2;5;8.61857;7.95
20180420;stl;cin;4;2;11.4725;8.89875
20180420;phi;pit;2;1;10.1412;10.05
20180525;hou;cle;11;2;8.93;9.65111
20180525;chw;det;4;5;10.5544;10.1622
20180525;atl;bos;2;6;9.81667;11.5978
20180525;sdg;lad;1;4;8.4;10.5238
20180525;tex;kan;8;4;10.93;10.61
20180525;mil;nym;4;3;9.0175;10.0763
20180525;was;mia;9;5;10.3325;7.39625
20180525;ari;oak;7;1;8.05;8.94111
20180525;cin;col;4;5;12.0588;12.8988
20180525;nyy;laa;2;1;12.2144;9.06889
20180525;phi;tor;5;6;10.9125;11.9762
20180525;tam;bal;0;2;9.66875;8.89778
20180525;pit;stl;8;1;10.18;9.99125
20180525;chc;sfo;6;2;13.4387;9.94875
20180525;min;sea;1;2;8.05125;9.42889
20180712;was;nym;5;4;10.0143;7.50571
20180712;laa;sea;11;2;8.90222;9.37778
20180712;nyy;cle;7;4;9.04;8.67556
20180712;phi;bal;5;4;9.87;9.53
20180712;bos;tor;6;4;10.72;9.55333
20180712;hou;oak;4;6;10.0978;8.28333
20180712;sdg;lad;2;3;8.7725;12.0617
20180712;pit;mil;6;3;10.23;10.17
20180712;min;tam;5;1;9.27;10.4322
20180712;col;ari;5;1;12.7571;12.615
20180623;stl;mil;3;2;10.9225;10.0812
20180623;chw;oak;6;7;8.71222;10.1467
20180623;atl;bal;5;7;10.61;10.62
20180623;hou;kan;4;3;11.9862;7.82375
20180623;sdg;sfo;3;5;10.1137;11.1617
20180623;det;cle;1;4;8.6325;11.1363
20180623;mia;col;6;2;11.5986;13.1186
20180623;bos;sea;2;7;10.3463;10.1283
20180623;min;tex;6;9;10.86;10.7067
20180623;cin;chc;11;2;10.9038;11.0538
20180623;nym;lad;3;8;7.675;9.42333
20180623;was;phi;3;5;9.64857;10.4025
20180623;ari;pit;7;2;10.1783;8.80333
20180623;tam;nyy;4;0;8.26445;11.2087
20180623;tor;laa;4;1;9.405;9.31333
20180509;chc;mia;13;4;13.8625;9.88125
20180509;nyy;bos;9;6;10.0344;9.66111
20180509;tex;det;5;4;10.47;9.02333
20180509;chw;pit;5;6;9.78625;10.5011
20180509;atl;tam;5;2;9.22625;9.38889
20180509;sdg;was;2;1;9.06875;10.3
20180509;hou;oak;4;1;9.57667;8.52333
20180509;laa;col;8;0;14.8825;13.3114
20180509;phi;sfo;11;3;10.3775;11.15
20180509;kan;bal;3;5;10.1078;10.5967
20180509;mil;cle;2;6;9.02375;10.28
20180509;tor;sea;5;2;10.8689;11.4522
20180509;ari;lad;3;6;8.3775;9.74857
20180509;nym;cin;1;2;11.645;11.7686
20180521;nyy;tex;10;5;13.33;9.40889
20180521;was;sdg;10;2;10.24;9.33125
20180521;nym;mia;2;0;10.5912;9.93125
20180521;stl;kan;6;0;10.9325;9.27875
20180521;det;min;2;4;8.28556;9.28444
20180521;chw;bal;2;3;9.52;11.3022
20180521;atl;phi;0;3;11.065;10.7438
20180521;mil;ari;4;2;8.70625;9.14625
20180521;col;lad;2;1;8.39625;10.505
20180520;mia;atl;9;10;9.6075;11.0913
20180520;bos;bal;5;0;11.3511;9.41
20180520;nyy;kan;10;1;10.7344;8.58
20180520;nym;ari;4;1;9.63;7.8475
20180520;was;lad;2;7;9.4775;9.165
20180520;sfo;col;9;5;9.24857;9.77
20180520;oak;tor;9;2;9.81222;9.44222
20180520;sea;det;3;2;9.29889;8.94571
20180520;pit;sdg;5;8;10.5188;9.58125
20180520;tam;laa;2;5;8.50667;10.85
20180520;stl;phi;5;1;8.77625;9.47375
20180520;chc;cin;6;1;12.1812;10.61
20180520;hou;cle;3;1;10.225;9.5975
20180520;chw;tex;3;0;9.30111;9.86125
20180520;mil;min;1;3;10.4444;10.1263
20180408;bal;nyy;8;7;8.75556;9.95778
20180408;ari;stl;4;1;8.91875;10.03
20180408;hou;sdg;4;1;10.6533;8.16
20180408;det;chw;1;0;9.34;10.3363
20180408;pit;cin;5;0;10.09;9.25125
20180408;mia;phi;6;3;8.285;10.3275
20180408;bos;tam;8;7;11.0822;8.75333
20180408;cle;kan;3;1;11.1533;8.92778
20180408;chc;mil;3;0;10.41;9.31875
20180517;oak;tor;10;5;10.0211;9.78889
20180517;bos;bal;6;2;10.4744;9.59
20180517;mia;lad;0;7;8.13;9.9925
20180517;tam;laa;7;1;8.11667;9.07778
20180517;col;sfo;5;3;9.36667;9.4
20180517;phi;stl;6;2;9.31375;10.41
20180517;sdg;pit;4;5;10.1;10.5363
20180517;det;sea;3;2;8.00111;9.75875
20180517;chw;tex;4;2;9.0875;10.14
20180628;col;sfo;9;8;9.32572;9.0325
20180628;tam;hou;0;1;8.23222;10.7311
20180628;chc;lad;11;5;8.245;9.5975
20180628;sea;bal;4;2;10.8378;10.0811
20180628;phi;was;4;3;10.2688;9.44571
20180628;min;chw;2;1;10.8889;9.12222
20180628;mil;cin;6;4;12.035;10.8575
20180628;det;oak;2;4;8.85667;9.3
20180628;bos;laa;4;2;11.1344;10.4867
20180628;mia;ari;0;4;7.69375;9.93625
20180516;tor;nym;12;1;9.71625;7.77125
20180516;mil;ari;8;2;10.0037;9.3775
20180516;kan;tam;3;5;9.62889;10.0756
20180516;phi;bal;4;1;10.72;10.66
20180516;cin;sfo;6;3;9.1025;9.45286
20180516;bos;oak;6;4;10.7333;8.11111
20180516;mia;lad;6;5;8.99125;11.32
20180516;min;stl;5;7;10.4011;11.5111
20180516;cle;det;6;0;11.5156;8.38222
20180516;chw;pit;2;3;8.41572;9.69875
20180516;atl;chc;4;1;11.2113;11.9463
20180516;hou;laa;2;0;9.86143;8.37333
20180516;was;nyy;3;3;10.0467;9.26667
20180516;sea;tex;1;5;9.47222;8.74625
20180523;chw;bal;11;1;9.45625;10.76
20180523;det;min;4;1;8.52333;8.89444
20180523;hou;sfo;4;1;10.8033;7.75556
20180523;sdg;was;3;1;10.3788;10.6138
20180523;atl;phi;0;4;10.6887;11.09
20180523;tex;nyy;12;10;8.7275;11.4567
20180523;cin;pit;4;5;12.3162;13.2375
20180523;mil;ari;9;2;9.22625;8.63714
20180523;kan;stl;5;2;9.26625;10.185
20180523;tor;laa;4;5;10.505;10.3867
20180523;nym;mia;1;2;9.81625;7.64
20180523;bos;tam;4;1;9.80556;8.3925
20180523;cle;chc;1;0;9.48375;11.0388
20180523;sea;oak;1;0;9.13125;9.23333
20180523;col;lad;0;3;8.78667;10.1
20180407;sfo;lad;7;5;8.95375;9.54
20180407;phi;mia;20;1;11.3488;9.4825
20180407;bos;tam;10;3;10.5922;9.05
20180407;cin;pit;7;4;9.78125;9.38571
20180407;chc;mil;5;2;10.32;8.80125
20180407;stl;ari;5;3;9.03625;9.06125
20180407;sea;min;11;4;10.1167;10.5989
20180407;laa;oak;3;7;9.95;10.6571
20180407;was;nym;2;3;10.3229;9.56
20180407;tex;tor;5;1;9.53429;10.6429
20180407;nyy;bal;8;3;10.8862;8.67333
20180407;col;atl;3;2;12.0825;11.5963
20180407;det;chw;6;1;9.47556;8.97
20180407;hou;sdg;1;0;10.4378;8.29445
20180407;kan;cle;1;0;8.71;10.7511
20180918;laa;oak;9;7;8.54556;9.63889
20180918;phi;nym;5;2;10.3825;8.75375
20180918;sfo;sdg;5;4;7.57875;8.7225
20180918;stl;atl;8;1;10.3175;10.43
20180918;hou;sea;7;0;10.0825;9.21556
20180918;det;min;3;5;9.16222;9.60222
20180918;chw;cle;3;5;7.66778;10.6322
20180918;nyy;bos;3;2;9.85889;8.81375
20180918;chc;ari;9;1;10.8457;10.545
20180918;cin;mil;3;1;9.25375;10.2312
20180918;mia;was;2;4;7.70375;11.3663
20180918;col;lad;2;3;7.5625;9.6975
20180918;tam;tex;4;0;12.1933;9.46556
20180918;bal;tor;4;6;9.32125;9.94333
20180918;pit;kan;2;1;10.515;8.38857
20180510;sea;tor;9;3;10.1867;10.2133
20180510;bal;kan;11;6;10.8044;10.5222
20180510;min;laa;4;7;8.41111;9.1275
20180510;atl;mia;9;2;9.90857;9.34125
20180510;sdg;stl;1;2;8.42375;10.2825
20180510;cin;lad;4;1;9.46125;10.415
20180510;mil;col;5;2;11.8525;11.8012
20180510;bos;nyy;5;4;10.1589;10.4167
20180510;phi;sfo;6;3;11.175;10.2388
20180510;ari;was;1;2;10.2512;10.555
20180609;ari;col;12;7;12.8187;14.0983
20180609;tam;sea;7;3;8.9;9.53667
20180609;sfo;was;5;7;10.495;11.96
20180609;mil;phi;12;3;10.0175;9.85875
20180609;kan;oak;2;0;8.86889;10.1944
20180609;sdg;mia;5;4;10.1912;9.3775
20180609;hou;tex;4;3;11.7737;9.61333
20180609;atl;lad;5;3;8.31125;10.7387
20180609;det;cle;4;2;9.39222;11.4922
20180609;chw;bos;2;4;8.15444;9.52111
20180609;stl;cin;6;4;12.5288;11.9912
20180609;nyy;nym;4;3;11.7825;9.25375
20180609;laa;min;2;1;10.5325;10.0389
20180609;tor;bal;4;3;8.59556;8.78889
20180609;chc;pit;2;0;9.965;8.46875
20180514;det;cle;6;3;7.76556;12.0967
20180514;atl;chc;6;5;9.42571;11.1663
20180514;sdg;col;4;6;8.80143;9.20429
20180514;hou;laa;1;2;11.0167;8.7
20180514;sfo;cin;10;7;9.92125;9.715
20180514;tam;kan;2;1;9.56778;9.4225
20180514;oak;bos;6;5;9.84222;10.15
20180514;mil;ari;7;2;10.0317;10.1675
20180514;sea;min;1;0;11.74;10.6144
20180511;chc;chw;11;2;11.0688;8.41571
20180511;bal;tam;9;4;10.1744;9.63111
20180511;tor;bos;5;3;7.90889;10.1533
20180511;cin;lad;6;2;9.085;10.8787
20180511;min;laa;5;4;8.25286;9.65445
20180511;cle;kan;9;10;10.3233;9.04222
20180511;mil;col;11;10;11.8975;11.9414
20180511;mia;atl;6;3;9.39375;10.8263
20180511;nyy;oak;5;10;10.3589;9.05889
20180511;stl;sdg;9;5;10.755;8.40875
20180511;pit;sfo;11;2;10.2288;9.67375
20180511;hou;tex;0;1;10.45;7.84556
20180511;nym;phi;3;1;9.58375;10.6988
20180511;was;ari;3;1;12.45;8.64875
20180515;sea;tex;9;8;9.92667;8.95
20180515;nym;tor;12;2;8.835;8.265
20180515;was;nyy;3;3;9.76875;11.7575
20180515;det;cle;9;8;8.64;10.1322
20180515;sdg;col;4;0;8.85571;8.79286
20180515;atl;chc;2;3;10.1729;11.5638
20180515;hou;laa;5;3;10.3343;8.68
20180515;chw;pit;0;7;9.32429;9.88875
20180515;cin;sfo;3;5;9.62429;10.0525
20180515;bos;oak;3;5;11.0389;9.99
20180515;mia;lad;4;2;8.50875;11.2575
20180515;tam;kan;6;5;10.0589;9.31
20180515;min;stl;4;1;10.2089;10.52
20180515;mil;ari;1;2;9.77;10.3925
20180504;min;chw;6;4;10.6189;8.39375
20180504;was;phi;7;3;11.05;10.3562
20180504;nym;col;7;8;9.86;9.60857
20180504;bos;tex;5;1;10.9644;8.78778
20180504;mia;cin;1;4;10.5963;10.74
20180504;tam;tor;6;2;8.74111;9.94333
20180504;hou;ari;8;0;13.4417;9.52375
20180504;atl;sfo;4;9;10.8614;10.8975
20180504;det;kan;2;4;9.00444;9.52333
20180504;sdg;lad;0;4;10.78;11.2863
20180504;nyy;cle;7;6;12.3389;10.0522
20180504;bal;oak;4;6;9.24143;9.79556
20180504;stl;chc;3;2;10.07;10.3325
20180504;pit;mil;6;4;9.62875;9.80375
20180504;laa;sea;5;0;10.0629;9.21125
20180409;tam;chw;5;4;9.36667;7.99375
20180409;col;sdg;6;7;12.4475;10.0725
20180409;kan;sea;10;0;8.73444;9.10556
20180409;mil;stl;5;4;10.0063;10.57
20180409;tor;bal;7;1;9.85875;9.66444
20180409;phi;cin;6;5;11.3787;9.35625
20180409;cle;det;2;0;9.67333;6.98556
20180409;tex;laa;3;8;9.56556;10.6467
20180409;hou;min;2;0;11.2056;9.43778
20180409;atl;was;0;2;8.33;10.6038
20180409;mia;nym;2;4;8.08;11.0638
20180409;ari;sfo;2;1;9.33;9.565
20180908;laa;chw;12;3;11.0175;9.27778
20180908;cle;tor;9;8;10.7778;9.69111
20180908;tex;oak;6;8;9.84667;11.3211
20180908;nym;phi;10;5;9.17875;8.715
20180908;was;chc;10;3;9.92;9.36429
20180908;bal;tam;5;10;8.74778;10.2156
20180908;was2;chc2;6;5;10.184;10
20180908;cin;sdg;7;2;9.9875;10.5162
20180908;bos;hou;3;5;10.0011;10.1867
20180908;mia;pit;1;5;8.17125;9.50875
20180908;col;lad;4;2;11.2375;12.3237
20180908;mil;sfo;4;3;10.2238;8.4675
20180908;kan;min;4;1;8.47;10.4389
20180908;atl;ari;5;4;10.8013;10.8663
20180908;det;stl;4;3;8.01778;9.57
20180908;nyy;sea;4;2;9.78444;9.55889
20180423;chw;sea;10;4;9.21;12.1322
20180423;sdg;col;13;5;11.1229;11.72
20180423;atl;cin;4;10;10.8375;10.1925
20180423;hou;laa;0;2;10.6233;9.63889
20180423;nyy;min;14;1;10.8733;9.11778
20180423;sfo;was;4;2;9.36375;9.235
20180423;oak;tex;9;4;11.6467;11.0644
20180423;lad;mia;2;1;10.1229;7.6625
20180423;cle;bal;2;1;10.3;8.67444
20180403;nyy;tam;11;4;10.1011;8.62222
20180403;sdg;col;8;4;9.56143;10.3733
20180403;hou;bal;10;6;11.4267;9.23857
20180403;atl;was;13;6;10.29;11.9129
20180403;chw;tor;5;14;8.955;10.6257
20180403;det;kan;0;1;8.9575;9.12125
20180403;stl;mil;4;5;10.9462;10.2812
20180403;laa;cle;13;2;10.5186;8.97444
20180403;bos;mia;4;2;10.885;7.47375
20180403;oak;tex;1;4;9.13556;9.22
20180403;nym;phi;2;0;10.3043;9.77333
20180403;sea;sfo;6;4;9.14125;9.75125
20180403;ari;lad;6;1;8.515;11.334
20180530;kan;min;11;8;9.54667;10.8122
20180530;mil;stl;3;2;9.11125;9.68625
20180530;lad;phi;8;2;10.515;8.35833
20180530;tam;oak;6;0;8.63667;9.10333
20180530;col;sfo;4;7;12.1486;11.1475
20180530;hou;nyy;3;5;8.09333;10.1444
20180530;det;laa;6;1;9.04778;11.7037
20180530;sdg;mia;3;2;8.80571;9.09
20180530;chw;cle;1;9;7.65667;10.8344
20180530;atl;nym;1;4;10.2825;9.62875
20180530;ari;cin;4;7;10.1987;9.27625
20180530;bos;tor;6;4;10.3778;9.19889
20180530;tex;sea;7;6;6.64571;9.88444
20180530;pit;chc;2;1;9.21;10.7362
20180530;was;bal;2;0;11.7944;8.27222
20180412;col;was;5;1;9.68875;10.7887
20180412;laa;kan;7;1;11.1862;9.47444
20180412;min;chw;4;0;11.6911;9.04125
20180412;bos;nyy;6;3;9.82333;10.3989
20180412;sfo;sdg;7;0;9.73;9.02875
20180621;laa;tor;8;5;9.32572;9.06
20180621;col;nym;6;4;11.8275;11.5075
20180621;ari;pit;9;3;10.0863;9.84125
20180621;cin;chc;6;2;9.7725;13.0037
20180621;mil;stl;11;3;10.375;10.6575
20180621;nyy;sea;4;3;9.9275;8.56222
20180621;bos;min;9;2;11.76;9.84556
20180621;was;bal;4;2;9.7025;7.33875
20180621;sfo;sdg;3;0;9.58571;8.49125
20180404;sfo;sea;10;1;9.15;9.1625
20180404;min;pit;7;3;10.1687;9.4925
20180404;atl;was;7;1;8.13625;11.0429
20180404;chw;tor;4;3;8.76625;11.8333
20180404;hou;bal;3;2;9.81;8.96333
20180404;sdg;col;2;5;8.4675;10.6167
20180404;nyy;tam;7;2;9.76444;7.60444
20180404;nym;phi;4;2;8.6475;7.8625
20180404;stl;mil;6;0;11.1438;10.0012
20180404;laa;cle;3;2;8.43125;9.20555
20180404;tex;oak;2;6;8.94286;9.74571
20180404;ari;lad;3;0;9.35625;11.22
20180416;nyy;mia;12;1;11.7444;7.68222
20180416;col;pit;6;2;9.54125;9.5825
20180416;tam;tex;8;4;8.94222;8.07889
20180416;nym;was;6;8;9.4025;8.71
20180416;lad;sdg;10;3;10.6057;8.71875
20180416;hou;sea;1;2;9.405;9.08125
20180416;chw;oak;1;8;8.9025;10.4925
20180416;atl;phi;2;1;9.62375;10.18
20180416;cin;mil;10;4;9.08286;9.49375
20180425;was;sfo;15;2;8.92286;7.48875
20180425;nym;stl;1;9;9.175;10.5412
20180425;pit;det;10;13;9.735;9.0425
20180425;atl;cin;5;4;10.7229;10.905
20180425;hou;laa;5;2;10.8322;9.39333
20180425;chw;sea;3;4;8.91125;12.1822
20180425;sdg;col;2;5;9.62625;11.0312
20180425;bos;tor;4;3;10.1022;9.30375
20180425;mia;lad;8;6;7.195;11.025
20180425;nyy;min;7;4;11.0678;9.31444
20180425;phi;ari;5;3;8.9975;8.97125
20180425;tam;bal;8;4;9.12;9.50111
20180425;pit2;det2;8;3;9.31;8.76875
20180425;cle;chc;4;1;9.17778;9.60667
20180425;oak;tex;2;4;11.0556;9.78778
20180425;kan;mil;2;6;9.52333;10.0667
20180902;oak;sea;8;2;9.66444;10.1011
20180902;tex;min;18;4;10.6289;10.5967
20180902;det;nyy;11;7;7.96;10.4789
20180902;hou;laa;4;2;11.97;8.64714
20180902;chw;bos;8;0;9.50667;12.1156
20180902;atl;pit;5;1;11.3287;9.86625
20180902;sdg;col;3;7;9.51125;10.5013
20180902;mil;was;9;4;12.195;11.43
20180902;kan;bal;9;1;9.59;10.0489
20180902;tam;cle;6;4;9.16333;10.5767
20180902;chc;phi;8;1;9.58286;10.2675
20180902;tor;mia;6;1;9.3825;8.53375
20180902;cin;stl;6;4;9.99;10.205
20180902;nym;sfo;4;1;8.835;7.845
20180902;lad;ari;3;2;10.3237;8.86125
20180815;nym;bal;16;5;10.6767;9.85444
20180815;was;stl;2;4;11.83;10.2987
20180815;hou;col;12;1;9.91;8.63
20180815;chw;det;6;5;10.3037;9.27778
20180815;atl;mia;5;2;11.6586;9.57714
20180815;sdg;laa;2;3;10.2586;10.1817
20180815;kan;tor;5;6;8.9475;10.91
20180815;mil;chc;4;8;11.925;11.8587
20180815;phi;bos;7;4;10.3538;10.7238
20180815;tam;nyy;6;1;10.5511;11.58
20180815;sfo;lad;3;4;10.874;11.65
20180815;pit;min;4;6;8.83333;8.36
20180815;cin;cle;3;4;9.67875;12.255
20180815;sea;oak;2;0;10.39;9.80889
20180528;bos;tor;8;3;10.2644;9.54556
20180528;mia;sdg;7;2;9.04125;9.2625
20180528;mil;stl;8;3;10.195;10.6388
20180528;kan;min;5;8;9.58556;10.1463
20180528;cle;chw;9;6;12.4111;10.1025
20180528;ari;cin;12;5;11.0188;11.33
20180528;det;laa;9;3;10.1622;12.9178
20180528;hou;nyy;5;1;9.87333;8.61125
20180528;atl;nym;4;3;9.125;10.0457
20180528;col;sfo;6;5;12.9686;12.0913
20180528;tam;oak;1;0;8.61889;8.94111
20180528;was;bal;6;0;11.1056;9.64222
20180528;chc;pit;7;0;10.4375;9.55375
20180528;phi;lad;4;5;9.9875;10.825
20180528;atl2;nym2;5;8;9.33167;9.672
20180528;tex;sea;1;2;7.72556;9.03
20180422;was;lad;3;4;8.70143;10.9243
20180422;cle;bal;7;3;10.8225;7.36444
20180422;kan;det;8;5;8.99667;9.22556
20180422;mil;mia;4;2;10.29;8.495
20180422;sea;tex;4;7;9.91667;9.00333
20180422;oak;bos;4;1;9.74571;10.2567
20180422;chc;col;9;7;11.7937;11.39
20180422;tam;min;8;6;10.1222;9.93778
20180422;stl;cin;9;2;9.785;9.64375
20180422;sdg;ari;2;4;10.3229;9.7375
20180422;hou;chw;7;1;11.7411;8.38625
20180422;sfo;laa;4;2;9.88445;9.40625
20180422;pit;phi;2;3;9.1375;9.66375
20180422;nyy;tor;5;1;11.8525;8.38444
20180507;phi;sfo;11;0;10.6313;10.8825
20180507;hou;oak;16;2;10.7071;9.22
20180507;det;tex;6;7;10.41;10.2875
20180507;sdg;was;5;8;7.8625;10.0729
20180507;nym;cin;7;6;11.875;10.715
20180507;chc;mia;14;2;10.3512;8.29625
20180507;min;stl;6;0;10.0212;10.3325
20180919;nyy;bos;10;1;10.93;9.57889
20180919;oak;laa;10;0;10.1256;9.82444
20180919;atl;stl;7;3;10.3363;10.285
20180919;sdg;sfo;8;4;9.3825;8.31875
20180919;chw;cle;1;4;7.78778;11.3889
20180919;det;min;2;8;8.42333;9.39111
20180919;hou;sea;0;9;9.82375;9.08667
20180919;tam;tex;9;3;11.4978;9.92333
20180919;col;lad;2;5;8.405;9.8
20180919;ari;chc;9;0;8.715;10.615
20180919;mil;cin;7;0;11.1887;9.82875
20180919;kan;pit;1;2;8.08714;10.415
20180919;phi;nym;4;0;9.05375;9.84875
20180919;tor;bal;1;2;10.9278;9.92625
20180808;tex;sea;11;7;9.18333;11.4689
20180808;nym;cin;8;0;10.8012;8.27875
20180808;was;atl;3;8;12.8786;12.12
20180808;cle;min;5;2;10.4625;8.46778
20180808;stl;mia;7;1;10.3317;9.62429
20180808;bos;tor;10;5;11.7189;10.5267
20180808;nyy;chw;7;3;11.02;7.87143
20180808;ari;phi;6;0;9.95125;9.1675
20180808;sdg;mil;4;8;9.44667;11.4857
20180808;det;laa;0;6;9.65667;9.04222
20180808;kan;chc;9;0;9.52167;12.6829
20180808;lad;oak;2;3;10.8778;8.67625
20180808;col;pit;3;4;10.5887;11.31
20180808;tam;bal;4;5;10.2513;8.7125
20180721;cle;tex;16;3;11.6478;9.52111
20180721;pit;cin;6;2;10.2862;10.4513
20180721;stl2;chc2;6;3;10.18;10.295
20180721;det;bos;5;0;9.67333;11.2362
20180721;hou;laa;7;0;10.3978;7.8775
20180721;chw;sea;5;0;9.3;11.66
20180721;chc;stl;7;2;9.5575;10.325
20180721;nyy;nym;7;6;11.5763;8.73333
20180721;kan;min;4;2;9.50444;10.0567
20180721;mil;lad;4;2;8.605;11.805
20180721;sfo;oak;3;4;9.28;9.61667
20180721;col;ari;6;5;9.78833;9.94125
20180721;tam;mia;2;3;9.40555;9.03667
20180721;tor;bal;4;1;10.1656;8.49778
20180410;bos;nyy;14;1;9.45555;9.12875
20180410;mia;nym;6;8;8.35125;10.5113
20180410;was;atl;4;1;11.0017;8.63625
20180410;chc;pit;5;8;11.4738;9.98625
20180410;stl;mil;5;3;9.14625;8.51125
20180410;chw;tam;5;6;9.16;10.1044
20180410;sdg;col;5;2;11.4738;12.5529
20180410;det;cle;1;2;8.56111;9.69222
20180410;hou;min;1;4;11.1122;9.67222
20180410;sea;kan;8;3;9.40222;8.71111
20180410;phi;cin;6;1;10.895;8.965
20180410;laa;tex;11;1;11.3;10.1256
20180410;ari;sfo;4;5;9.52429;9.55
20180410;lad;oak;4;0;9.65375;9.85714
20180410;tor;bal;2;1;10.105;9.25778
20180417;bos;laa;10;1;9.78222;9.42889
20180417;mia;nyy;9;1;7.97778;11.27
20180417;tex;tam;7;2;9.00556;9.80375
20180417;chw;oak;2;10;8.85125;10.0044
20180417;hou;sea;4;1;10.835;9.03667
20180417;det;bal;4;2;9.80556;10.5262
20180417;sdg;lad;3;7;7.86833;9.47429
20180417;atl;phi;1;5;9.7625;9.9775
20180417;tor;kan;11;3;9.69;9.04
20180417;chc;stl;3;5;10.3471;10.5063
20180417;cle;min;6;1;10.6289;8.24222
20180417;was;nym;5;2;9.26875;8.71375
20180417;mil;cin;2;0;10.7;9.6
20180417;tor2;kan2;5;4;8.9375;9.13857
20180417;col;pit;2;0;8.625;8.7175
20180417;ari;sfo;1;0;10.1062;10.9117
20180427;cin;min;15;9;11.2022;10.7989
20180427;phi;atl;7;3;10.4975;9.6725
20180427;chw;kan;7;4;8.75;9.50889
20180427;hou;oak;1;8;10.5089;9.64111
20180427;sdg;nym;1;5;7.61857;10.2633
20180427;det;bal;0;6;9.01889;9.25444
20180427;ari;was;5;4;8.12;9.07125
20180427;sea;cle;5;6;8.12333;9.54333
20180427;nyy;laa;4;3;10.925;8.45333
20180427;bos;tam;3;4;9.99444;9.17556
20180427;mia;col;0;1;9.41125;10.295
20180427;tex;tor;6;4;8.31889;9.5625
20180427;mil;chc;2;3;8.725;9.4
20180427;sfo;lad;6;4;9.28143;10.1343
20180427;stl;pit;5;6;10.8425;9.545
20180531;cle;min;9;8;11.34;10.2222
20180531;stl;pit;10;8;9.50375;9.34875
20180531;det;laa;6;2;9.4675;12.4044
20180531;sdg;mia;8;3;10.3537;9.7875
20180531;hou;bos;4;2;10.7367;9.50875
20180531;atl;was;4;2;10.5575;10.5238
20180531;chc;nym;5;1;10.4725;8.3875
20180531;sea;tex;6;1;9.39444;8.06875
20180531;oak;tam;7;3;9.33889;8.41555
20180531;phi;lad;2;1;7.06625;8.74
20180519;nyy;kan;8;3;11.4189;7.73667
20180519;chc;cin;4;5;12.95;10.935
20180519;sfo;col;9;4;8.38625;9.0225
20180519;chc2;cin2;10;0;12.6862;11.1263
20180519;bos;bal;6;3;10.6633;9.48222
20180519;mia;atl;1;8;9.58875;11.4713
20180519;chw;tex;5;3;10.9011;10.75
20180519;sdg;pit;6;2;9.2825;10.3114
20180519;hou;cle;4;5;9.07;9.32
20180519;det;sea;2;7;7.37444;10.4211
20180519;tam;laa;5;3;8.36556;9.7
20180519;oak;tor;5;4;9.10111;8.89333
20180519;ari;nym;4;5;8.43;8.4725
20180519;was;lad;1;4;10.6257;10.4425
20180519;lad2;was2;5;4;9.91429;10.2757
20180519;phi;stl;7;6;10.3675;11.0057
20180519;mil;min;5;4;10.3611;9.27875
20180608;ari;col;9;4;12.4117;11.62
20180608;mil;phi;12;4;10.2725;9.45833
20180608;kan;oak;2;7;9.275;9.5875
20180608;stl;cin;7;6;12.7612;11.1788
20180608;lad;atl;7;3;10.68;9.68667
20180608;tam;sea;3;4;9.47286;10.37
20180608;nyy;nym;4;1;9.44714;8.855
20180608;tor;bal;5;1;10.1862;9.57
20180608;tex;hou;3;7;8.54889;11.5588
20180608;sfo;was;9;5;8.87667;10.4937
20180608;cle;det;4;1;11.0722;9.72625
20180608;chw;bos;1;0;7.66714;10.9612
20180608;sdg;mia;0;4;9.99875;10.1314
20180608;laa;min;4;2;11.08;9.61
20180608;chc;pit;3;1;10.6625;9.3875
20180518;mil;min;8;3;10.5311;9.54667
20180518;kan;nyy;5;2;8.86333;10.7189
20180518;stl;phi;12;4;9.57375;9.73625
20180518;tex;chw;12;5;10.46;9.71375
20180518;tam;laa;8;3;9.15889;10.4533
20180518;col;sfo;6;1;9.78143;9.0325
20180518;oak;tor;3;1;9.66556;9.97889
20180518;bos;bal;4;7;10.5833;9.43444
20180518;mia;atl;2;0;10.3125;11.3814
20180518;hou;cle;4;1;10.0763;9.46
20180518;sdg;pit;3;2;9.65375;9.35286
20180518;det;sea;4;5;7.76;9.47445
20180518;chc;cin;8;1;13.2987;9.81875
20180518;nym;ari;3;1;8.7925;8.07625
20180419;bal;det;8;13;10.88;9.53778
20180419;atl;nym;12;4;10.0837;10.4987
20180419;hou;sea;9;2;10.1844;9.11667
20180419;mil;mia;12;3;10.7612;9.595
20180419;bos;laa;8;2;10.0062;9.70875
20180419;phi;pit;7;0;9.57;9.415
20180419;chc;stl;8;5;9.0675;9.08375
20180419;nyy;tor;4;3;10.3878;9.26625
20180419;ari;sfo;3;1;10.1288;9.91714
20180418;was;nym;5;11;9.76125;9.5275
20180418;chw;oak;11;12;8.34375;11.7078
20180418;atl;phi;7;3;10.8062;10.8438
20180418;det;bal;6;5;9.15333;9.92222
20180418;hou;sea;7;1;10.0787;9.39667
20180418;sdg;lad;4;13;8.28429;10.885
20180418;tor;kan;15;5;9.27333;8.23333
20180418;bos;laa;9;0;9.30555;9.40222
20180418;sfo;ari;4;3;10.3486;10.2375
20180418;mil;cin;2;0;10.7938;9.705
20180418;pit;col;10;2;9.2375;9.45125
20180418;cle;min;1;2;9.88778;9.04778
20180418;tex;tam;2;4;8.98222;8.5
20180921;oak;min;7;6;8.71;7.635
20180921;nyy;bal;10;8;10.8111;8.11222
20180921;tor;tam;3;11;9.05445;10.43
20180921;tex;sea;8;3;10.5356;12.3311
20180921;chw;chc;10;4;8.28;10.1238
20180921;hou;laa;11;3;10.2987;8.42222
20180921;sdg;lad;5;3;8.52333;10.6457
20180921;atl;phi;6;5;10.1363;10.5737
20180921;det;kan;3;4;9.25889;9.695
20180921;bos;cle;7;5;8.78625;9.48889
20180921;mia;cin;1;0;8.63375;10.12
20180921;pit;mil;3;8;9.18875;10.4538
20180921;col;ari;6;2;9.20125;9.44125
20180921;nym;was;4;2;10.725;9.18625
20180921;sfo;stl;3;5;8.3175;9.06375
20180501;was;pit;12;4;10.335;8.2275
20180501;nym;atl;2;3;9.51625;8.8
20180501;kan;bos;7;6;7.74333;10.2078
20180501;mil;cin;7;6;12.6588;11.2825
20180501;sea;oak;6;3;9.75222;9.30556
20180501;min;tor;4;7;10.1637;10.2738
20180501;sdg;sfo;3;2;9.34667;9.8
20180501;chw;stl;2;3;8.83714;11.5188
20180501;det;tam;2;1;9.27333;10.7433
20180501;hou;nyy;0;4;10.2467;9.64444
20180501;col;chc;3;1;10.7417;11.9425
20180501;tex;cle;8;6;9.29667;11.1944
20180501;mia;phi;2;1;8.7825;9.2475
20180501;ari;lad;4;3;7.4625;11.1171
20180501;bal;laa;2;3;8.7375;9.39125
20180710;bal;nyy;6;5;8.88778;11.9437
20180710;hou;oak;6;5;9.6;7.68
20180710;atl;tor;2;6;10.2963;10.2863
20180710;sdg;lad;4;1;9.19;10.725
20180710;chw;stl;2;14;8.88667;11.3088
20180710;det;tam;2;5;8.76889;9.23667
20180710;laa;sea;9;3;9.465;9.2225
20180710;mil;mia;8;4;10.1813;8.35875
20180710;kan;min;9;4;11.1475;12.6056
20180710;phi;nym;7;3;9.86625;9.56625
20180710;bos;tex;8;4;12.3411;10.2478
20180710;col;ari;3;5;11.8563;12.125
20180710;was;pit;5;1;10.51;9.6775
20180710;cle;cin;4;7;10.99;9.57
20180710;chc;sfo;2;0;10.235;9.258
20180503;tor;cle;13;11;11.1725;10.4033
20180503;atl;nym;11;0;10.4613;10.0213
20180503;det;kan;6;10;9.58667;10.0778
20180503;chw;min;6;5;8.88125;9.95222
20180503;hou;nyy;5;6;9.43444;9.14667
20180503;cle2;tor2;13;4;10.39;10.2
20180503;tex;bos;11;5;8.82;10.6478
20180503;sea;oak;4;1;9.39889;10.4211
20180503;laa;bal;12;3;10.1867;9.35444
20180503;lad;ari;5;2;10.6286;9.67375
20180503;was;pit;3;1;11.4213;11.0188
20180430;ari;lad;8;5;9.75125;9.72375
20180430;mia;phi;8;4;8.20125;9.85125
20180430;bos;kan;10;6;10.8978;8.78556
20180430;mil;cin;6;5;12.205;10.6825
20180430;min;tor;5;7;10.8433;11.35
20180430;sdg;sfo;5;6;9.15;10.2429
20180430;hou;nyy;2;1;9.87778;9.38222
20180430;det;tam;2;3;8.75444;10.4
20180430;cle;tex;7;5;9.42778;8.99
20180430;col;chc;2;3;10.1225;12.3787
20180430;pit;was;2;3;9.27375;9.77625
