20180402;pit;min;5;4;9.3425;8.965;-135;+115
20180402;was;atl;8;1;11.97;9.5125;-125;+105
20180402;oak;tex;3;1;10.3644;9.16;-168;+144
20180402;stl;mil;8;4;10.2163;9.48625;+102;-122
20180402;lad;ari;7;8;11.3714;10.97;-108;-112
20180402;chw;tor;2;4;8.97667;10.3656;+143;-166
20180402;bos;mia;7;3;10.4525;9.33625;-138;+118
20180402;col;sdg;7;4;9.50429;9.06571;-112;-108
20180402;cle;laa;6;0;9.75;9.15889;-112;-108
20180402;kan;det;1;6;9.85111;9.61778;-104;-116
20180402;hou;bal;6;1;11.7844;9.29111;-235;+200
20180402;chc;cin;0;1;12.5175;10.5813;-153;+133
20180403;chw;tor;5;14;8.71556;10.6257;+160;-185
20180403;nyy;tam;11;4;10.1011;8.62222;-183;+158
20180403;hou;bal;10;6;11.4267;9.23857;-260;+220
20180403;sdg;col;8;4;9.56143;10.3733;-103;-117
20180403;nym;phi;2;0;10.3043;9.77333;-133;+113
20180403;atl;was;13;6;10.29;11.9129;+115;-135
20180403;stl;mil;4;5;10.9462;10.2813;-107;-113
20180403;det;kan;0;1;8.9575;9.12125;-114;-106
20180403;laa;cle;13;2;10.5186;8.97444;-130;+110
20180403;bos;mia;4;2;10.885;7.47375;-280;+230
20180403;oak;tex;1;4;9.13556;9.22;-130;+110
20180403;sea;sfo;6;4;9.14125;9.75125;+102;-122
20180403;ari;lad;6;1;8.515;11.334;+160;-185
20180404;sfo;sea;10;1;9.15;9.1625;-135;+115
20180404;nym;phi;4;2;8.6475;7.8625;-160;+140
20180404;sdg;col;2;5;8.4675;10.6167;+115;-135
20180404;min;pit;7;3;10.1687;9.4925;-107;-113
20180404;atl;was;7;1;8.13625;11.0429;+185;-215
20180404;chw;tor;4;3;8.71444;11.8333;+190;-220
20180404;nyy;tam;7;2;9.76444;7.60444;-270;+225
20180404;oak;tex;6;2;9.74571;8.94286;-153;+133
20180404;stl;mil;6;0;11.1438;10.0012;-117;-103
20180404;laa;cle;3;2;8.43125;9.20555;+135;-155
20180404;ari;lad;3;0;9.35625;11.22;+115;-135
20180404;bal;hou;2;3;8.96333;9.81;+155;-180
20180405;phi;mia;5;0;10.9375;10.3775;-152;+132
20180405;min;sea;4;2;9.54667;10.3411;-112;-108
20180405;chc;mil;8;0;10.3925;9.44125;-113;-107
20180405;nym;was;8;2;8.79125;9.73714;+142;-164
20180405;sdg;col;1;3;8.8775;9.8725;-108;-112
20180405;chw;det;7;9;9.83556;9.94667;-133;+113
20180405;bal;nyy;5;2;8.78111;11.14;+230;-280
20180405;pit;cin;5;2;10.6737;9.95;-155;+135
20180405;oak;tex;3;6;9.68;9.29667;-160;+140
20180405;tam;bos;2;3;8.40333;10.7367;+220;-260
20180405;ari;stl;3;1;9.3;10.745;-101;-119
20180406;bal;nyy;7;3;9.50222;10.3156;+160;-185
20180406;laa;oak;13;9;10.4625;10.0111;-143;+123
20180406;cle;kan;3;2;9.87667;8.23667;-250;+210
20180406;pit;cin;14;3;9.495;9.81625;+100;-120
20180406;tor;tex;8;5;11.9875;10.63;-127;+107
20180406;atl;col;8;3;11.4675;12.5175;+135;-155
20180406;mil;chc;5;4;9.0975;10.9929;+123;-143
20180406;sdg;hou;4;1;8.17222;11.8467;+255;-310
20180410;chc;pit;5;8;11.4738;9.98625;-153;+133
20180410;min;hou;4;1;9.67222;11.1122;+142;-164
20180410;nym;mia;8;6;10.5113;8.35125;-210;+180
20180410;sdg;col;5;2;11.4738;12.5529;+136;-156
20180410;bos;nyy;14;1;9.45555;9.12875;-137;+117
20180410;was;atl;4;1;11.0017;8.63625;-230;+195
20180410;oak;lad;0;4;9.85714;9.65375;+104;-124
20180410;stl;mil;5;3;9.14625;8.51125;-164;+142
20180410;chw;tam;5;6;8.98889;10.1044;-115;-105
20180410;sea;kan;8;3;9.40222;8.71111;-113;-107
20180410;phi;cin;6;1;10.895;8.965;-190;+165
20180410;laa;tex;11;1;11.3;10.1256;-145;+125
20180410;cle;det;2;1;9.69222;8.56111;-200;+170
20180410;ari;sfo;4;5;9.52429;9.55;-120;+100
20180410;tor;bal;2;1;10.0944;9.25778;-133;+113
20180407;sfo;lad;7;5;8.95375;9.54;+111;-131
20180407;sea;min;11;4;10.1167;10.5989;+143;-166
20180407;phi;mia;20;1;11.3488;9.4825;-170;+145
20180407;chc;mil;5;2;10.32;8.80125;-143;+123
20180407;bos;tam;10;3;10.5922;9.05;-177;+152
20180407;laa;oak;3;7;9.95;10.6571;-123;+103
20180407;kan;cle;1;0;8.71;10.7511;+215;-255
20180407;cin;pit;7;4;9.78125;9.38571;+119;-139
20180407;stl;ari;5;3;9.03625;9.06125;-103;-117
20180407;was;nym;2;3;10.3229;9.56;-168;+144
20180407;tex;tor;5;1;9.53429;10.7138;+112;-132
20180407;nyy;bal;8;3;10.8862;8.67333;-250;+210
20180407;col;atl;3;2;12.0825;11.5963;-147;+127
20180407;det;chw;6;1;9.47556;8.93667;+105;-125
20180407;sdg;hou;0;1;8.29445;10.4378;+265;-330
20180501;was;pit;12;4;10.335;8.2275;-250;+210
20180501;oak;sea;3;6;9.30556;9.75222;+105;-125
20180501;cle;tex;6;8;11.1944;9.29667;-200;+170
20180501;kan;bos;7;6;7.74333;10.2078;+270;-340
20180501;laa;bal;3;2;9.39125;8.7375;-186;+161
20180501;sdg;sfo;3;2;9.34667;9.8;+126;-146
20180501;nym;atl;2;3;9.51625;8.8;-185;+160
20180501;min;tor;4;7;10.1637;10.2738;-126;+106
20180501;chc;col;1;3;11.9425;10.7417;-166;+143
20180501;nyy;hou;4;0;9.64444;10.2467;+150;-175
20180501;cin;mil;6;7;11.2825;12.6588;+109;-129
20180501;ari;lad;4;3;7.4625;11.1171;+170;-200
20180501;det;tam;2;1;9.27333;10.7433;+140;-160
20180501;stl;chw;3;2;11.5188;8.845;-250;+210
20180501;phi;mia;1;2;9.2475;8.7825;-112;-108
20180408;bal;nyy;8;7;8.75556;9.95778;+165;-190
20180408;tam;bos;7;8;8.75333;11.0822;+175;-205
20180408;ari;stl;4;1;8.91875;10.03;+135;-155
20180408;hou;sdg;4;1;10.6533;8.16;-285;+235
20180408;pit;cin;5;0;10.09;9.25125;-152;+132
20180408;mia;phi;6;3;8.285;10.3275;+170;-200
20180408;cle;kan;3;1;11.1533;8.92778;-230;+195
20180408;chc;mil;3;0;10.41;9.31875;-120;+100
20180408;det;chw;1;0;9.34;10.32;+150;-175
20180409;col;sdg;6;7;12.4475;10.0725;-185;+160
20180409;tam;chw;5;4;9.36667;8.05889;-142;+122
20180409;cle;det;2;0;9.67333;6.98556;-290;+240
20180409;kan;sea;10;0;8.73444;9.10556;-108;-112
20180409;laa;tex;8;3;10.6467;9.56556;-136;+116
20180409;cin;phi;5;6;9.35625;11.3787;+118;-138
20180409;tor;bal;7;1;9.89778;9.66444;+100;-120
20180409;mil;stl;5;4;10.0063;10.57;+126;-146
20180409;nym;mia;4;2;11.0638;8.08;-235;+200
20180409;ari;sfo;2;1;9.33;9.565;-110;-110
20180409;hou;min;2;0;11.2056;9.43778;-158;+138
20180409;was;atl;2;0;10.6038;8.33;-255;+215
20180411;bos;nyy;7;10;9.43444;9.66556;-113;-107
20180411;hou;min;8;9;11.2744;9.65444;-163;+140
20180411;chc;pit;13;5;9.85375;8.3375;-164;+142
20180411;atl;was;5;3;10.06;10.5875;-101;-119
20180411;oak;lad;16;6;8.58833;9.61143;+165;-190
20180411;ari;sfo;7;3;9.03875;9.4575;-119;-101
20180411;sea;kan;4;2;8.95556;8.35778;-143;+123
20180411;sdg;col;4;6;12.1825;12.8288;+140;-160
20180411;nym;mia;4;1;10.0413;9.54;-139;+119
20180411;det;cle;1;5;7.61;10.2711;+240;-290
20180411;tor;bal;3;5;8.77889;9.25667;+115;-135
20180411;phi;cin;4;3;9.38125;9.38375;-116;-104
20180411;laa;tex;7;2;12.4425;10.7178;-120;+100
20180411;chw;tam;2;1;8.93778;9.77778;-104;-116
20180411;mil;stl;3;2;9.05875;10.01;+130;-150
20180412;sfo;sdg;7;0;9.73;9.02875;-147;+127
20180412;col;was;5;1;9.68875;10.7887;+165;-190
20180412;kan;laa;1;7;9.47444;11.1862;+142;-164
20180412;bos;nyy;6;3;9.82333;10.3989;-106;-114
20180412;min;chw;4;0;11.6911;9.05222;-250;+210
20180416;nyy;mia;12;1;11.7444;7.68222;-350;+275
20180416;col;pit;6;2;9.54125;9.5825;+108;-128
20180416;hou;sea;1;2;9.405;9.08125;-117;-103
20180416;sdg;lad;3;10;8.71875;10.6057;+130;-150
20180416;nym;was;6;8;9.4025;8.71;-175;+150
20180416;oak;chw;8;1;10.4925;8.91;-145;+125
20180416;tex;tam;4;8;8.07889;8.94222;+143;-166
20180416;cin;mil;10;4;8.74625;9.49375;+118;-138
20180416;phi;atl;1;2;10.18;9.62375;-130;+110
20180417;hou;sea;4;1;10.835;9.03667;-198;+169
20180417;chc;stl;3;5;10.3471;10.5063;-132;+112
20180417;min;cle;1;6;8.24222;10.6289;+170;-200
20180417;bos;laa;10;1;9.78222;9.42889;+138;-158
20180417;mia;nyy;9;1;7.97778;11.27;+270;-340
20180417;tex;tam;7;2;9.00556;9.80375;+129;-149
20180417;chw;oak;2;10;8.86444;10.0044;+160;-185
20180417;was;nym;5;2;9.26875;8.71375;-120;+100
20180417;pit;col;0;2;8.7175;8.625;-135;+115
20180417;tor;kan;11;3;9.83889;9.04;-150;+130
20180417;det;bal;4;2;9.80556;10.5262;-104;-116
20180417;lad;sdg;7;3;9.47429;7.86833;-220;+190
20180417;phi;atl;5;1;9.9775;9.7625;-110;-110
20180417;tor2;kan2;5;4;9.17;9.13857;-;-
20180417;mil;cin;2;0;10.7;9.6;-162;+141
20180417;ari;sfo;1;0;10.1062;10.9117;-154;+134
20180605;phi;chc;6;1;7.7325;9.97625;+185;-215
20180605;sea;hou;7;1;9.74667;9.73889;+107;-127
20180605;atl;sdg;14;1;9.83857;8.885;-140;+120
20180605;oak;tex;4;7;11.9633;9.77444;-142;+122
20180605;was;tam;4;2;9.87375;7.50625;-280;+230
20180605;pit;lad;0;5;8.86;9.5825;+112;-132
20180605;chw;min;2;4;9.68444;11.0156;+157;-182
20180605;nyy;tor;7;2;9.61875;8.69444;-145;+125
20180605;bos;det;6;0;10.5756;9.15222;-198;+169
20180605;mia;stl;7;4;8.64375;10.4725;+185;-215
20180605;col;cin;9;6;10.7743;10.5413;-120;+100
20180605;chw2;min2;6;3;9.55889;10.9225;-;-
20180605;cle;mil;3;2;9.95111;8.04667;-220;+190
20180605;laa;kan;1;0;9.84375;8.635;-200;+170
20180605;nym;bal;1;2;9.38625;10.4871;-133;+113
20180605;ari;sfo;3;2;7.74857;9.11143;+132;-152
20180418;oak;chw;12;11;11.7078;8.38111;-205;+175
20180418;was;nym;5;11;9.76125;9.5275;-108;-112
20180418;pit;col;10;2;9.2375;9.45125;-119;-101
20180418;tor;kan;15;5;9.27333;8.23333;-200;+170
20180418;det;bal;6;5;9.15333;9.92222;+110;-130
20180418;sdg;lad;4;13;8.28429;10.885;+148;-173
20180418;bos;laa;9;0;9.30555;9.40222;-115;-105
20180418;sfo;ari;4;3;10.3486;10.2375;+144;-168
20180418;atl;phi;7;3;10.8062;10.8438;-124;+104
20180418;cle;min;1;2;9.88778;9.04778;-116;-104
20180418;mil;cin;2;0;10.7938;9.705;-148;+128
20180418;hou;sea;7;1;10.0787;9.39667;-185;+160
20180418;tex;tam;2;4;8.98222;8.5;-129;+109
20180604;sdg;atl;11;4;9.21667;9.46;+100;-120
20180604;sfo;ari;10;3;8.88857;9.355;-108;-112
20180604;kan;laa;6;9;9.05125;10.645;+175;-205
20180604;nyy2;det2;2;4;12.65;9.63445;-;-
20180604;nyy;det;7;4;12.3737;9.05333;-192;+166
20180419;bal;det;8;13;10.88;9.53778;-120;+100
20180419;tor;nyy;3;4;9.48333;10.3878;+136;-156
20180419;phi;pit;7;0;9.57;9.415;+106;-126
20180419;atl;nym;12;4;10.0837;10.4987;-106;-114
20180419;mil;mia;12;3;10.7612;9.595;-196;+168
20180419;chc;stl;8;5;9.0675;9.08375;-125;+105
20180419;bos;laa;8;2;10.0062;9.70875;-116;-104
20180419;hou;sea;9;2;10.1844;9.11667;-194;+167
20180419;ari;sfo;3;1;10.1288;9.91714;-179;+154
20180420;min;tam;7;8;8.94;9.28667;+108;-128
20180420;chc;col;16;5;11.43;10.6017;-112;-108
20180420;hou;chw;10;0;12.3562;8.09333;-280;+230
20180420;tor;nyy;8;5;9.05375;10.4622;+158;-183
20180420;det;kan;3;2;9.56222;9.60889;-105;-115
20180420;sfo;laa;8;1;9.94833;10.0212;+138;-158
20180420;mil;mia;8;0;10.3363;8.975;-166;+143
20180420;sea;tex;6;2;10.7256;9.99333;+104;-124
20180420;bos;oak;7;3;9.76375;9.6925;-150;+130
20180420;cle;bal;1;3;9.75333;8.97111;-128;+108
20180420;was;lad;5;2;7.95;8.61857;+135;-155
20180420;pit;phi;1;2;10.05;10.1412;-112;-108
20180420;atl;nym;3;5;8.505;9.7075;+128;-148
20180420;stl;cin;4;2;11.4725;8.89875;-215;+185
20180420;sdg;ari;4;1;10.9929;10.3686;-102;-118
20180420;kan2;det2;3;2;10.0678;8.90429;-;-
20180421;hou;chw;10;1;12.39;9.01667;-220;+190
20180421;tam;min;10;1;9.25445;9.17444;-125;+105
20180421;sea;tex;9;7;11.6978;8.42889;-180;+155
20180421;phi;pit;6;2;10.4462;8.765;-178;+153
20180421;det;kan;12;4;9.75444;11.05;-116;-104
20180421;tor;nyy;1;9;8.56333;9.30222;+141;-162
20180421;oak;bos;3;0;8.01111;9.50556;+155;-180
20180421;was;lad;0;4;9.99125;9.49875;-118;-102
20180421;mil;mia;6;5;11.1488;8.87375;-205;+175
20180421;laa;sfo;4;3;12.1489;9.58286;-230;+195
20180421;cle;bal;4;0;10.6633;8.67889;-210;+180
20180421;stl;cin;4;3;10.5263;8.90375;-250;+210
20180421;ari;sdg;6;2;10.845;9.80625;-178;+153
20180421;col;chc;5;2;10.4925;13.3814;+118;-138
20180421;atl;nym;4;3;8.3;9.32875;+145;-170
20180530;cin;ari;7;4;9.27625;10.1987;+175;-205
20180530;cle;chw;9;1;10.8344;7.65667;-290;+240
20180530;kan;min;11;8;9.54667;10.8122;+120;-140
20180530;laa;det;1;6;11.7037;9.04778;-250;+210
20180530;lad;phi;8;2;10.515;8.35833;-196;+168
20180530;col;sfo;4;7;12.1486;11.1475;-164;+142
20180530;tam;oak;6;0;8.63667;9.10333;+115;-135
20180530;bos;tor;6;4;10.3778;9.19889;-194;+167
20180530;hou;nyy;3;5;8.09333;10.1444;+155;-180
20180530;chc;pit;1;2;10.7362;9.21;-142;+122
20180530;tex;sea;7;6;6.64571;9.88444;+235;-285
20180530;mil;stl;3;2;9.11125;9.68625;-112;-108
20180530;mia;sdg;2;3;9.09;8.80571;+108;-128
20180530;was;bal;2;0;11.7944;8.27222;-280;+230
20180530;nym;atl;4;1;9.62875;10.2825;+142;-164
20180422;oak;bos;4;1;9.74571;10.2567;+119;-139
20180422;was;lad;3;4;8.70143;10.9243;+180;-210
20180422;pit;phi;2;3;9.1375;9.66375;+145;-170
20180422;kan;det;8;5;8.99667;9.22556;+153;-178
20180422;cle;bal;7;3;10.8225;7.36444;-280;+230
20180422;laa;sfo;2;4;9.40625;9.88445;-113;-107
20180422;sea;tex;4;7;9.91667;9.00333;-121;+101
20180422;chc;col;9;7;11.7937;11.39;-116;-104
20180422;min;tam;6;8;9.93778;10.1222;-105;-115
20180422;stl;cin;9;2;9.785;9.64375;-158;+138
20180422;sdg;ari;2;4;10.3229;9.7375;+132;-152
20180422;nyy;tor;5;1;11.8525;8.38444;-240;+205
20180422;mil;mia;4;2;10.29;8.495;-194;+167
20180422;hou;chw;7;1;11.7411;8.43778;-205;+175
20180614;sfo;mia;6;3;10.175;9.32125;-142;+122
20180614;ari;nym;6;3;10.3425;10.9225;-159;+139
20180614;atl;sdg;4;2;10.4913;9.7825;-182;+157
20180614;phi;col;9;3;10.2237;9.56286;-124;+104
20180614;cle;chw;5;2;10.4211;8.22333;-151;+131
20180614;det;min;3;1;9.91889;10.2611;-110;-110
20180614;oak;hou;3;7;7.45667;9.76111;+185;-215
20180614;nyy;tam;4;3;10.0722;8.5;-175;+150
20180614;bos;sea;2;1;10.2433;9.35111;-137;+117
20180531;cle;min;9;8;11.34;10.2222;-133;+113
20180531;laa;det;2;6;12.4044;9.4675;-215;+185
20180531;pit;stl;8;10;9.34875;9.50375;+121;-141
20180531;was;atl;2;4;10.5238;10.5575;+100;-120
20180531;oak;tam;7;3;9.33889;8.41555;-150;+130
20180531;sdg;mia;8;3;10.3537;9.7875;-136;+116
20180531;nym;chc;1;5;8.3875;10.4725;+145;-170
20180531;sea;tex;6;1;9.39444;8.06875;-145;+125
20180531;hou;bos;4;2;10.7367;9.50875;-192;+166
20180531;phi;lad;2;1;7.06625;8.74;+142;-164
20180423;nyy;min;14;1;10.8733;9.11778;-210;+180
20180423;chw;sea;10;4;9.22889;12.1322;+136;-156
20180423;sdg;col;13;5;11.1229;11.72;+168;-196
20180423;cin;atl;10;4;10.1925;10.8375;+115;-135
20180423;sfo;was;4;2;9.36375;9.235;-102;-118
20180423;oak;tex;9;4;11.6467;11.0644;-129;+109
20180423;lad;mia;2;1;10.1229;7.6625;-260;+220
20180423;cle;bal;2;1;10.3;8.67444;-188;+163
20180423;laa;hou;2;0;9.63889;10.6233;+180;-210
20180613;hou;oak;13;5;10.745;8.41333;-215;+185
20180613;det;min;5;2;9.07889;10.7133;+130;-150
20180613;tor;tam;0;1;8.83889;7.86;-130;+110
20180613;pit;ari;5;4;8.8225;9.30375;+141;-162
20180613;was;nyy;5;4;9.92;11.2038;+154;-179
20180613;cin;kan;7;0;11.5944;10.29;-124;+104
20180613;mil;chc;1;0;10.4838;10.2775;-112;-108
20180613;laa;sea;6;8;10.4237;9.12;-118;-102
20180613;cle;chw;2;3;10.6733;7.75556;-215;+185
20180613;phi;col;2;7;10.745;10.6717;-127;+107
20180613;sfo;mia;4;5;9.4925;9.0625;-115;-105
20180613;atl;nym;2;0;9.0425;9.3725;-102;-118
20180613;stl;sdg;2;4;11.0262;9.03625;-207;+177
20180613;bos;bal;5;1;12.5044;9.12778;-295;+245
20180613;lad;tex;3;2;10.1025;9.3425;-177;+152
20180424;cin;atl;9;7;9.8425;10.4675;+101;-121
20180424;laa;hou;8;7;9.72445;11.0767;+128;-148
20180424;kan;mil;2;5;8.92667;10.1367;+118;-138
20180424;cle;chc;3;10;9.70222;10.0389;-130;+110
20180424;nyy;min;8;3;9.46556;8.78778;-155;+135
20180424;nym;stl;6;5;8.9375;10.9963;+160;-185
20180424;sdg;col;0;8;10.995;12.1062;+142;-164
20180424;tor;bos;4;3;9.19;9.83;-110;-110
20180424;ari;phi;8;4;9.44125;10.0775;-113;-107
20180424;was;sfo;3;4;9.90714;9.32625;-122;+102
20180424;oak;tex;3;2;10.8567;10.3889;-105;-115
20180424;mia;lad;3;2;8.57572;10.4925;+240;-290
20180424;sea;chw;1;0;10.6078;8.98889;-139;+119
20180425;det;pit;13;10;9.0425;9.735;+140;-160
20180425;tor;bos;3;4;9.50222;10.1022;+128;-148
20180425;was;sfo;15;2;8.92286;7.48875;-166;+143
20180425;oak;tex;2;4;11.0556;9.78778;-110;-110
20180425;min;nyy;4;7;9.31444;11.0678;+152;-177
20180425;chc;cle;1;4;9.60667;9.17778;+113;-133
20180425;mia;lad;8;6;7.195;11.025;+305;-410
20180425;cin;atl;4;5;10.905;10.7229;-103;-117
20180425;sea;chw;4;3;12.1822;9.00556;-149;+129
20180425;phi;ari;5;3;8.9975;8.97125;-108;-112
20180425;tam;bal;8;4;9.12;9.50111;-103;-117
20180425;kan;mil;2;6;9.52333;10.0667;-106;-114
20180425;laa;hou;2;5;9.39333;10.8322;+195;-230
20180425;stl;nym;9;1;10.5412;9.175;-146;+126
20180425;det2;pit2;3;8;8.76875;9.31;-;-
20180425;col;sdg;5;2;11.0313;9.62625;-170;+145
20180611;sea;laa;5;3;9.72625;10.3989;-106;-114
20180611;mia;sfo;7;5;8.2775;11.0062;+155;-180
20180611;ari;pit;9;5;9.93;9.72;-162;+141
20180611;tam;tor;8;4;9.3;10.2256;-106;-114
20180611;cle;chw;4;0;11.12;8.17444;-250;+210
20180611;stl;sdg;5;2;11.1875;9.675;-178;+153
20180611;chc;mil;7;2;9.98125;9.29625;-125;+105
20180611;bos;bal;2;0;10.5756;9.19333;-150;+130
20180426;chw;kan;6;3;8.03778;9.77556;+158;-183
20180426;tam;bal;9;5;9.06444;8.86889;+118;-138
20180426;ari;phi;8;2;9.52875;10.1075;+102;-122
20180426;atl;cin;7;4;10.8888;9.9675;-138;+118
20180426;tor;bos;4;5;7.93111;10.3233;+185;-215
20180426;det;pit;0;1;8.7625;9.17875;+135;-155
20180426;min;nyy;3;4;8.86222;11.0289;+200;-235
20180426;chc;mil;1;0;10.545;9.1275;-166;+143
20180426;cle;sea;4;5;9.22667;9.86889;-119;-101
20180426;stl;nym;4;3;8.33625;8.31625;-110;-110
20180427;cle;sea;6;5;9.54333;8.12333;-260;+220
20180427;kan;chw;4;7;9.50889;8.75;-115;-105
20180427;laa;nyy;3;4;8.45333;10.925;+128;-148
20180427;cin;min;15;9;11.2022;10.7989;-101;-119
20180427;phi;atl;7;3;10.4975;9.6725;-168;+144
20180427;bal;det;6;0;9.25444;9.01889;-116;-104
20180427;ari;was;5;4;8.12;9.07125;+132;-152
20180427;chc;mil;3;2;9.4;8.725;-166;+143
20180427;nym;sdg;5;1;10.2633;7.61857;-168;+144
20180427;oak;hou;8;1;9.64111;10.5089;+155;-180
20180427;pit;stl;6;5;9.545;10.8425;+115;-135
20180427;bos;tam;3;4;9.99444;9.17556;-159;+139
20180427;tex;tor;6;4;8.31889;9.74333;+137;-157
20180427;sfo;lad;6;4;9.28143;10.1343;+117;-137
20180427;col;mia;1;0;10.295;9.41125;-135;+115
20180526;cle;hou;8;6;9.10778;9.58444;-105;-115
20180526;laa;nyy;11;4;9.98571;11.3433;+137;-157
20180526;kan;tex;3;4;10.9467;11.79;+122;-142
20180526;mil;nym;17;6;11.4914;10.7787;-153;+133
20180526;sdg;lad;7;5;8.27429;11.2986;+205;-240
20180526;bos;atl;8;6;11.8833;11.3089;-121;+101
20180526;chw;det;8;4;9.99556;10.8767;-104;-116
20180526;tor;phi;1;2;9.36625;10.8287;+165;-190
20180526;sfo;chc;5;4;9.34714;11.6475;+205;-240
20180526;cin;col;6;5;12.4317;13.4643;+152;-177
20180526;min;sea;3;4;10.0971;9.95625;+105;-125
20180526;oak;ari;3;0;9.34889;8.33889;-164;+142
20180526;pit;stl;1;4;9.37;9.69125;-110;-110
20180526;was;mia;4;1;10.2225;8.58625;-155;+135
20180526;tam;bal;5;1;9.40667;9.74778;-140;+120
20180430;ari;lad;8;5;9.75125;9.72375;-152;+132
20180430;mia;phi;8;4;8.20125;9.85125;+138;-158
20180430;min;tor;5;7;10.8433;11.35;-113;-107
20180430;chc;col;3;2;12.3787;10.1225;-200;+170
20180430;bos;kan;10;6;10.8978;8.78556;-250;+210
20180430;cle;tex;7;5;9.42778;8.99;-182;+157
20180430;mil;cin;6;5;12.205;10.6825;-125;+105
20180430;det;tam;2;3;8.75444;10.4;+115;-135
20180430;sdg;sfo;5;6;9.15;10.2429;+151;-176
20180430;pit;was;2;3;9.27375;9.77625;-103;-117
20180430;nyy;hou;1;2;9.38222;9.87778;+145;-170
20180503;tor;cle;13;11;10.8378;10.4033;+120;-140
20180503;det;kan;6;10;9.58667;10.0778;+113;-133
20180503;laa;bal;12;3;10.1867;9.35444;-177;+152
20180503;cle2;tor2;13;4;10.39;10.2;-;-
20180503;atl;nym;11;0;10.4613;10.0213;-114;-106
20180503;tex;bos;11;5;8.82;10.6478;+140;-160
20180503;min;chw;5;6;9.95222;8.97556;-130;+110
20180503;sea;oak;4;1;9.39889;10.4211;+103;-123
20180503;lad;ari;5;2;10.6286;9.67375;+132;-152
20180503;was;pit;3;1;11.4213;11.0188;-142;+122
20180503;nyy;hou;6;5;9.14667;9.43444;+102;-122
20180506;kan;det;4;2;9.06556;8.07333;-143;+123
20180506;laa;sea;8;2;10.275;10.3344;-133;+113
20180506;cle;nyy;4;7;9.96333;9.74;+105;-125
20180506;cin;mia;5;8;12.0613;11.745;-135;+115
20180506;col;nym;3;2;7.3825;9.10125;+175;-205
20180506;sdg;lad;3;0;10.225;11.2425;+125;-145
20180506;bos;tex;6;1;11.9356;8.3275;-260;+220
20180506;min;chw;5;3;10.3375;8.33125;-155;+135
20180506;chc;stl;3;4;10.6417;9.87833;-118;-102
20180506;tor;tam;2;1;7.91222;8.27222;+110;-130
20180506;pit;mil;9;0;9.9675;10.175;+110;-130
20180506;was;phi;5;4;9.64875;8.1375;-220;+190
20180506;oak;bal;2;1;9.35778;7.78;-168;+144
20180506;ari;hou;3;1;8.35625;11.6387;+190;-220
20180506;sfo;atl;4;3;9.155;10.5786;+135;-155
20180507;phi;sfo;11;0;10.6313;10.8825;+102;-122
20180507;min;stl;6;0;10.0212;10.3325;+100;-120
20180507;chc;mia;14;2;10.3512;8.29625;-200;+170
20180507;nym;cin;7;6;11.875;10.715;-114;-106
20180507;sdg;was;5;8;7.8625;10.0729;+155;-180
20180507;hou;oak;16;2;10.7071;9.22;-143;+123
20180507;det;tex;6;7;10.41;10.2875;-108;-112
20180508;cin;nym;7;2;11.88;11.0788;-135;+115
20180508;kan;bal;15;7;9.53111;9.89333;+138;-158
20180508;laa;col;2;4;11.8337;11.485;-102;-118
20180508;cle;mil;2;3;10.7137;8.62143;-164;+142
20180508;chw;pit;6;10;9.18889;10.7056;+135;-155
20180508;nyy;bos;3;2;10.88;8.73444;-220;+190
20180508;det;tex;7;4;9.23778;10.9429;+150;-175
20180508;tor;sea;0;5;9.09444;9.93556;-102;-118
20180508;lad;ari;5;8;9.01375;8.79714;-113;-107
20180508;mia;chc;3;4;9.215;10.3038;+143;-166
20180508;min;stl;7;1;9.2625;10.1875;+153;-178
20180508;oak;hou;2;4;8.04714;9.18222;+136;-156
20180508;was;sdg;4;0;11.0771;9.5275;-125;+105
20180508;phi;sfo;4;2;11.8825;9.6825;-183;+158
20180508;atl;tam;1;0;9.05625;9.03;+108;-128
20180509;chc;mia;13;4;13.8625;9.88125;-255;+215
20180509;chw;pit;5;6;9.80778;10.5011;-103;-117
20180509;nyy;bos;9;6;10.0344;9.66111;-140;+120
20180509;tex;det;5;4;10.47;9.02333;-170;+145
20180509;kan;bal;3;5;10.1078;10.5967;-106;-114
20180509;laa;col;8;0;14.8825;13.3114;+118;-138
20180509;cle;mil;6;2;10.28;9.02375;-166;+143
20180509;atl;tam;5;2;9.22625;9.38889;-116;-104
20180509;phi;sfo;11;3;10.3775;11.15;-112;-108
20180509;tor;sea;5;2;10.8689;11.4522;-117;-103
20180509;ari;lad;3;6;8.3775;9.74857;+100;-120
20180509;sdg;was;2;1;9.06875;10.3;+120;-140
20180509;nym;cin;1;2;11.645;11.7686;-115;-105
20180509;hou;oak;4;1;9.57667;8.52333;-190;+165
20180626;oak;det;9;7;10.2844;9.85;-128;+108
20180626;pit;nym;3;4;9.13;9.58125;+100;-120
20180626;was;tam;0;1;9.58111;7.46111;-215;+185
20180626;stl;cle;11;2;8.03875;10.0175;+143;-166
20180626;bos;laa;9;1;11.65;10.3856;-164;+142
20180626;hou;tor;7;0;11.1267;8.72222;-250;+210
20180626;chc;lad;9;4;9.16429;9.24375;+130;-150
20180626;min;chw;4;8;9.76333;8.81;-135;+115
20180626;cin;atl;5;3;11.7325;11.6375;+125;-145
20180626;mil;kan;5;1;10.3813;8.6825;-220;+190
20180626;sea;bal;3;2;10.2333;8.75333;-149;+129
20180626;nyy;phi;6;0;10.5371;8.08375;-185;+160
20180626;col;sfo;2;3;10.1517;9.57429;+120;-140
20180626;sdg;tex;3;2;10.1989;10.8167;+108;-128
20180626;ari;mia;5;3;10.075;8.265;-170;+145
20180529;cle;chw;7;3;11.6678;8.80333;-285;+235
20180529;laa;det;9;2;11.2111;9.88111;-150;+130
20180529;kan;min;2;1;9.27667;10.1256;+115;-135
20180529;nyy;hou;6;5;10.2363;10.1744;+113;-133
20180529;chc;pit;8;6;11.6788;9.875;-138;+118
20180529;bos;tor;8;3;11.0067;9.42778;-198;+169
20180529;nym;atl;6;7;9.77625;9.785;+123;-143
20180529;sdg;mia;9;5;9.57;9.14833;-162;+141
20180529;sfo;col;4;11;12.6087;13.0829;+130;-150
20180529;was;bal;3;2;10.5989;10.7163;-115;-105
20180529;oak;tam;3;4;8.84445;9.23556;-106;-114
20180529;phi;lad;6;1;7.83667;8.80125;+160;-185
20180529;tex;sea;9;5;8.30111;9.74111;+140;-160
20180529;stl;mil;6;1;9.20125;9.6625;-105;-115
20180529;ari;cin;5;2;9.5725;10.3913;-118;-102
20180510;atl;mia;9;2;9.90857;9.34125;-119;-101
20180510;sea;tor;9;3;10.1867;10.2133;+140;-160
20180510;bal;kan;11;6;10.8044;10.5222;-106;-114
20180510;bos;nyy;5;4;10.1589;10.4167;+110;-130
20180510;min;laa;4;7;8.41111;9.1275;+142;-164
20180510;mil;col;5;2;11.8525;11.8012;+129;-149
20180510;cin;lad;4;1;9.46125;10.415;+163;-188
20180510;phi;sfo;6;3;11.175;10.2388;-168;+144
20180510;stl;sdg;2;1;10.2825;8.42375;-157;+137
20180510;ari;was;1;2;10.2512;10.555;-150;+130
20180528;chc;pit;7;0;10.4375;9.55375;-114;-106
20180528;min;kan;8;5;10.1463;9.58556;-127;+107
20180528;bos;tor;8;3;10.2644;9.54556;-180;+155
20180528;cle;chw;9;6;12.4111;10.1025;-196;+168
20180528;laa;det;3;9;12.9178;10.1622;-180;+155
20180528;mil;stl;8;3;10.195;10.6388;-118;-102
20180528;sfo;col;5;6;12.0913;12.9686;+101;-121
20180528;ari;cin;12;5;11.0188;11.33;-124;+104
20180528;was;bal;6;0;11.1056;9.64222;-142;+122
20180528;oak;tam;0;1;8.94111;8.61889;-132;+112
20180528;nym;atl;3;4;10.0457;9.125;+163;-188
20180528;sdg;mia;2;7;9.2625;9.04125;-117;-103
20180528;phi;lad;4;5;9.9875;10.825;+123;-143
20180528;hou;nyy;5;1;9.87333;8.61125;-123;+103
20180528;nym2;atl2;8;5;9.672;9.33167;-;-
20180528;tex;sea;1;2;7.72556;9.03;+154;-179
20180924;col;phi;10;1;11.3488;10.8212;-188;+163
20180924;ari;lad;4;7;7.71;11.36;+167;-194
20180924;oak;sea;7;3;8.72222;9.67667;+135;-155
20180924;pit;chc;5;1;8.8225;9.68875;+141;-162
20180924;was;mia;7;3;10.9738;7.55375;-270;+225
20180924;bos;bal;6;2;10.4767;8.08;-255;+215
20180924;nyy;tam;4;1;10.9767;8.42111;-117;-103
20180924;laa;tex;5;4;9.29444;9.19556;-146;+126
20180924;cle;chw;4;0;9.40667;7.32125;-230;+195
20180924;mil;stl;6;4;9.65875;9.53875;+125;-145
20180924;sdg;sfo;5;0;9.06625;8.63125;+120;-140
20180924;tor;hou;3;5;8.70778;10.8125;+165;-190
20180511;min;laa;5;4;8.25286;9.65445;7.5;-185
20180511;chc;chw;11;2;11.0688;8.50625;-260;8.0
20180511;bal;tam;9;4;10.1744;9.63111;-132;9.0
20180511;tor;bos;5;3;7.90889;10.1533;8.5;-190
20180511;mil;col;11;10;11.8975;11.9414;11.5;-118
20180511;cle;kan;9;10;10.3233;9.04222;-250;8.5
20180511;cin;lad;6;2;9.085;10.8787;8.5;-205
20180511;mia;atl;6;3;9.39375;10.8263;8.5;-147
20180511;nyy;oak;5;10;10.3589;9.05889;-194;9.5
20180511;stl;sdg;9;5;10.755;8.40875;-145;7.5
20180511;pit;sfo;11;2;10.2288;9.67375;-120;8.0
20180511;was;ari;3;1;12.45;8.64875;-194;7.5
20180511;nym;phi;3;1;9.58375;10.6988;8.5;-164
20180511;tex;hou;1;0;7.84556;10.45;8.5;-280
20180512;cle;kan;6;2;10.3011;9.14111;-205;+175
20180512;laa;min;3;5;9.79333;9.47556;-126;+106
20180512;tam2;bal2;10;3;10.6443;10.19;-;-
20180512;col;mil;4;0;11.3813;11.7375;-128;+108
20180512;atl;mia;10;5;10.0943;8.695;-144;+124
20180512;bal;tam;6;3;9.77556;9.95444;-120;+100
20180512;nyy;oak;7;6;10.6511;9.60889;-196;+168
20180512;chc;chw;8;4;10.3975;7.90625;-270;+225
20180512;sea2;det2;9;5;10.5912;9.805;-;-
20180512;hou;tex;6;1;10.2456;8.65556;-240;+205
20180512;pit;sfo;6;5;10.3062;10.26;-127;+107
20180512;was;ari;2;1;11.1937;8.985;-180;+155
20180512;cin;lad;5;3;8.39375;9.46375;+162;-187
20180512;det;sea;4;3;9.37778;11.1722;+100;-120
20180512;tor;bos;2;5;9.10444;10.3022;+126;-146
20180512;stl;sdg;1;2;10.2925;9.49875;-128;+108
20180622;phi;was;12;2;9.2825;9.98625;+141;-162
20180622;sea;bos;10;14;10.1189;10.28;+118;-138
20180622;oak;chw;11;2;10.5244;9.20333;-147;+127
20180622;pit;ari;1;2;8.855;9.4875;+106;-126
20180622;bal;atl;10;7;9.66625;10.1862;+168;-196
20180622;cle;det;10;0;11.1167;8.24444;-240;+205
20180622;kan;hou;1;0;7.96556;11.0322;+280;-360
20180622;laa;tor;2;1;9.57889;9.44875;-158;+138
20180622;mil;stl;2;1;10.4387;10.5675;-121;+101
20180622;tex;min;8;1;10.8778;9.63556;-120;+100
20180622;col;mia;11;3;14.2767;11.2137;-220;+190
20180622;chw2;oak2;6;4;9.45625;10.71;-;-
20180622;cin;chc;6;3;8.77625;10.2987;+123;-143
20180622;lad;nym;5;2;10.5937;8.53;-153;+133
20180622;sdg;sfo;6;2;9.42429;10.5133;+105;-125
20180622;tam;nyy;2;1;8.60778;11.4;+140;-160
20180921;pit;mil;3;8;9.18875;10.4538;+122;-142
20180921;oak;min;7;6;8.71;7.635;-182;+157
20180921;was;nym;2;4;9.18625;10.725;+149;-174
20180921;tor;tam;3;11;9.05445;10.43;+132;-152
20180921;det;kan;3;4;9.25889;9.99333;-110;-110
20180921;chw;chc;10;4;8.28;10.2989;+175;-205
20180921;nyy;bal;10;8;10.8111;8.11222;-360;+280
20180921;tex;sea;8;3;10.5356;12.3311;+104;-124
20180921;hou;laa;11;3;10.2987;8.42222;-205;+175
20180921;bos;cle;7;5;8.87444;9.48889;+130;-150
20180921;ari;col;2;6;9.44125;9.20125;-120;+100
20180921;sdg;lad;5;3;8.52333;10.6457;+225;-270
20180921;atl;phi;6;5;10.1363;10.5737;-132;+112
20180921;sfo;stl;3;5;8.3175;9.06375;+145;-170
20180921;mia;cin;1;0;8.63375;10.12;+122;-142
20180514;oak;bos;6;5;9.84222;10.15;+142;-164
20180514;det;cle;6;3;7.76556;12.0967;+230;-280
20180514;col;sdg;6;4;9.20429;8.80143;-112;-108
20180514;sfo;cin;10;7;9.92125;9.715;-145;+125
20180514;atl;chc;6;5;9.42571;11.1663;+131;-151
20180514;kan;tam;1;2;9.4225;9.56778;-110;-110
20180514;laa;hou;2;1;8.7;11.0167;+115;-135
20180514;min;sea;0;1;10.6144;11.74;-115;-105
20180514;mil;ari;7;2;10.0317;10.1675;+133;-153
20180623;oak;chw;7;6;10.1467;8.71222;-120;+100
20180623;was;phi;3;5;9.7325;10.4025;-118;-102
20180623;pit;ari;2;7;8.80333;10.1783;-103;-117
20180623;stl;mil;3;2;10.9225;10.0812;-112;-108
20180623;sfo;sdg;5;3;11.1617;10.1137;-147;+127
20180623;tex;min;9;6;10.7067;10.86;+114;-134
20180623;mia;col;6;2;11.5986;13.1186;+210;-250
20180623;chc;cin;2;11;11.0538;10.9038;-115;-105
20180623;bal;atl;7;5;10.62;10.61;+117;-137
20180623;nym;lad;3;8;7.675;9.42333;+100;-120
20180623;sea;bos;7;2;10.1283;10.3463;+155;-180
20180623;kan;hou;3;4;7.82375;11.9862;+275;-350
20180623;cle;det;4;1;11.1363;8.6325;-260;+220
20180623;laa;tor;1;4;9.31333;9.405;-140;+120
20180623;tam;nyy;4;0;8.26445;11.2087;+154;-179
20180920;tor;tam;9;8;9.36;10.5178;+137;-157
20180920;det;kan;11;8;9.48222;9.17333;-145;+125
20180920;oak;laa;21;3;9.18778;9.19555;-138;+118
20180920;was;nym;4;5;11.38;8.3475;-295;+245
20180920;bos;nyy;11;6;8.92333;9.74333;+137;-157
20180920;cle;chw;4;5;10.8744;9.77444;-220;+190
20180920;cin;mia;4;2;10.1425;9.145;-134;+114
20180920;atl;phi;8;3;10.9025;10.2075;-150;+130
20180515;sea;tex;9;8;9.92667;8.95;-130;+110
20180515;bos;oak;3;5;11.0389;9.99;-194;+167
20180515;sdg;col;4;0;8.85571;8.79286;-102;-118
20180515;nym;tor;12;2;8.835;8.265;-142;+122
20180515;det;cle;9;8;8.64;10.1322;+132;-152
20180515;cin;sfo;3;5;9.62429;10.0525;+133;-153
20180515;laa;hou;3;5;8.68;10.3343;+143;-166
20180515;kan;tam;5;6;9.31;10.0589;-110;-110
20180515;nyy;was;3;3;11.7575;9.76875;-133;+113
20180515;atl;chc;2;3;10.1729;11.5638;-102;-118
20180515;pit;chw;7;0;9.88875;9.30375;-138;+118
20180515;lad;mia;2;4;11.2575;8.50875;-180;+155
20180515;min;stl;4;1;10.2089;10.52;-120;+100
20180515;ari;mil;2;1;10.3925;9.77;-164;+142
20180516;tor;nym;12;1;9.71625;7.77125;-150;+130
20180516;det;cle;0;6;8.38222;11.5156;+205;-240
20180516;cin;sfo;6;3;9.1025;9.45286;+134;-154
20180516;mil;ari;8;2;10.0037;9.3775;-103;-117
20180516;tam;kan;5;3;10.0756;9.62889;-110;-110
20180516;phi;bal;4;1;10.72;10.66;-117;-103
20180516;min;stl;5;7;10.4011;11.5111;-108;-112
20180516;chc;atl;1;4;11.9463;11.2113;-113;-107
20180516;bos;oak;6;4;10.7333;8.11111;-260;+220
20180516;mia;lad;6;5;8.99125;11.32;+175;-205
20180516;laa;hou;0;2;8.37333;9.86143;+102;-122
20180516;chw;pit;2;3;8.4575;9.69875;+157;-182
20180516;was;nyy;3;3;10.0467;9.26667;-160;+140
20180516;sea;tex;1;5;9.47222;8.74625;-110;-110
20180621;mil;stl;11;3;10.375;10.6575;-120;+100
20180621;cin;chc;6;2;9.7725;13.0037;+158;-183
20180621;laa;tor;8;5;9.32572;9.06;-143;+123
20180621;ari;pit;9;3;10.0863;9.84125;+103;-123
20180621;col;nym;6;4;11.8275;11.5075;-166;+143
20180621;nyy;sea;4;3;9.9275;8.56222;-200;+170
20180621;bos;min;9;2;11.76;9.84556;-140;+120
20180621;sdg;sfo;0;3;8.49125;9.58571;+145;-170
20180621;was;bal;4;2;9.7025;7.33875;-295;+245
20180517;oak;tor;10;5;10.0211;9.78889;+100;-120
20180517;pit;sdg;5;4;10.5363;10.1;-136;+116
20180517;bos;bal;6;2;10.4744;9.59;-168;+144
20180517;lad;mia;7;0;9.9925;8.13;-166;+143
20180517;sfo;col;3;5;9.4;9.36667;-136;+116
20180517;tam;laa;7;1;8.11667;9.07778;+147;-172
20180517;phi;stl;6;2;9.31375;10.41;+116;-136
20180517;det;sea;3;2;8.00111;9.75875;+155;-180
20180517;chw;tex;4;2;9.12333;10.14;+102;-122
20180521;nyy;tex;10;5;13.33;9.40889;-215;+185
20180521;det;min;2;4;8.28556;9.28444;+180;-210
20180521;stl;kan;6;0;10.9325;9.27875;-210;+180
20180521;was;sdg;10;2;10.24;9.33125;-185;+160
20180521;nym;mia;2;0;10.5912;9.93125;-137;+117
20180521;mil;ari;4;2;8.70625;9.14625;+116;-136
20180521;bal;chw;3;2;11.3022;9.52;-106;-114
20180521;phi;atl;3;0;10.7438;11.065;-108;-112
20180521;col;lad;2;1;8.39625;10.505;+160;-185
20180518;kan;nyy;5;2;8.86333;10.7189;+169;-198
20180518;cle;hou;1;4;9.46;10.0763;+145;-170
20180518;laa;tam;3;8;10.4533;9.15889;-150;+130
20180518;mil;min;8;3;10.5311;9.54667;+120;-140
20180518;oak;tor;3;1;9.66556;9.97889;+110;-130
20180518;pit;sdg;2;3;9.35286;9.65375;-128;+108
20180518;stl;phi;12;4;9.57375;9.73625;-138;+118
20180518;tex;chw;12;5;10.46;9.66111;-120;+100
20180518;col;sfo;6;1;9.78143;9.0325;-110;-110
20180518;bos;bal;4;7;10.5833;9.43444;-190;+165
20180518;chc;cin;8;1;13.2987;9.81875;-178;+153
20180518;nym;ari;3;1;8.7925;8.07625;-140;+120
20180518;det;sea;4;5;7.76;9.47445;+150;-175
20180518;mia;atl;2;0;10.3125;11.3814;+149;-174
20180520;lad;was;7;2;9.165;9.4775;+120;-140
20180520;mia;atl;9;10;9.6075;11.0913;+157;-182
20180520;nyy;kan;10;1;10.7344;8.58;-172;+147
20180520;nym;ari;4;1;9.63;7.8475;-182;+157
20180520;sdg;pit;8;5;9.58125;10.5188;+127;-147
20180520;bos;bal;5;0;11.3511;9.41;-250;+210
20180520;sfo;col;9;5;9.24857;9.77;-105;-115
20180520;oak;tor;9;2;9.81222;9.44222;-115;-105
20180520;sea;det;3;2;9.29889;8.94571;-166;+143
20180520;tam;laa;2;5;8.50667;10.85;+180;-210
20180520;stl;phi;5;1;8.77625;9.47375;+101;-121
20180520;cle;hou;1;3;9.5975;10.225;+120;-140
20180520;chc;cin;6;1;12.1812;10.61;-145;+125
20180520;min;mil;3;1;10.1263;10.4444;-123;+103
20180520;chw;tex;3;0;9.30111;9.86125;-112;-108
20180519;chw;tex;5;3;10.9011;10.75;+102;-122
20180519;nyy;kan;8;3;11.4189;7.73667;-280;+230
20180519;chc2;cin2;10;0;12.6862;11.1263;-;-
20180519;bos;bal;6;3;10.6633;9.48222;-194;+167
20180519;chc;cin;4;5;12.95;10.935;-190;+165
20180519;min;mil;4;5;9.27875;10.3611;-108;-112
20180519;tam;laa;5;3;8.36556;9.7;+158;-183
20180519;sfo;col;9;4;8.38625;9.0225;+100;-120
20180519;sea;det;7;2;10.4211;7.37444;-270;+225
20180519;oak;tor;5;4;9.10111;8.89333;-118;-102
20180519;pit;sdg;2;6;10.3114;9.2825;-148;+128
20180519;was;lad;1;4;10.6257;10.4425;-220;+190
20180519;ari;nym;4;5;8.43;8.4725;-135;+115
20180519;cle;hou;5;4;9.32;9.07;-106;-114
20180519;lad2;was2;5;4;9.91429;10.2757;-;-
20180519;phi;stl;7;6;10.3675;10.3837;-112;-108
20180519;atl;mia;8;1;11.4713;9.58875;-208;+178
20180522;cle;chc;10;1;9.675;9.64;-123;+103
20180522;kan;stl;5;1;8.55375;10.5187;+185;-215
20180522;laa;tor;3;5;10.1333;9.00556;-119;-101
20180522;cin;pit;7;2;10.4412;11.6188;+100;-120
20180522;min;det;6;0;10.3711;9.83111;-171;+146
20180522;bos;tam;4;2;10.5811;7.50125;-250;+210
20180522;hou;sfo;11;2;11.2844;8.27667;-270;+225
20180522;atl;phi;3;1;10.1987;10.5375;-105;-115
20180522;lad;col;5;3;10.1457;9.465;-142;+122
20180522;tex;nyy;6;4;10.1867;12.5344;+145;-170
20180522;mia;nym;5;1;9.05;8.37143;-105;-115
20180522;sea;oak;3;2;9.31625;9.48556;+120;-140
20180522;was;sdg;2;1;11.0737;10.1087;-205;+175
20180522;bal;chw;2;3;9.67556;8.08;-139;+119
20180522;mil;ari;1;0;10.9738;9.38;-143;+123
20180524;nym;mil;5;0;9.61875;10.3012;+138;-158
20180524;hou;cle;8;2;10.5189;10.1189;-123;+103
20180524;pit;cin;4;5;10.5788;10.91;-110;-110
20180524;oak;sea;4;3;9.03778;8.42111;-127;+107
20180524;bal;chw;9;3;11.26;9.37625;-155;+135
20180524;tam;bos;6;3;8.74;9.95111;+110;-130
20180524;kan;tex;8;2;10.6912;9.94111;-114;-106
20180524;laa;tor;8;1;10.3867;9.95222;-138;+118
20180525;bos;atl;6;2;11.5978;9.81667;-182;+157
20180525;hou;cle;11;2;8.93;9.65111;+135;-155
20180525;lad;sdg;4;1;10.5238;8.4;-192;+166
20180525;tex;kan;8;4;10.93;10.61;-142;+122
20180525;cin;col;4;5;12.0588;12.8988;+170;-200
20180525;mil;nym;4;3;9.0175;10.0763;+108;-128
20180525;was;mia;9;5;10.3325;7.39625;-270;+225
20180525;pit;stl;8;1;10.18;9.99125;-132;+112
20180525;oak;ari;1;7;8.94111;8.05;-135;+115
20180525;chw;det;4;5;10.5544;10.1622;-105;-115
20180525;nyy;laa;2;1;12.2144;9.06889;-240;+205
20180525;phi;tor;5;6;10.9125;11.9762;-105;-115
20180525;chc;sfo;6;2;13.4387;9.94875;-255;+215
20180525;min;sea;1;2;8.05125;9.42889;+140;-160
20180525;bal;tam;2;0;8.89778;9.66875;+142;-164
20180606;mia;stl;11;3;9.26286;11.2112;+195;-230
20180606;tex;oak;8;2;10.1267;11.9122;+102;-122
20180606;lad;pit;9;11;10.2063;9.81125;-118;-102
20180606;was;tam;11;2;10.23;9.37375;-160;+140
20180606;bos;det;7;1;9.39222;8.46;-210;+180
20180606;phi;chc;5;7;10.1487;10.9125;+116;-136
20180606;laa;kan;4;3;10.37;8.2825;-255;+215
20180606;cle;mil;3;1;11.3278;9.53;-210;+180
20180606;ari;sfo;4;5;9.6625;9.21;+106;-126
20180606;col;cin;6;3;11.8357;10.515;-131;+111
20180606;min;chw;2;5;11.6044;9.34778;-172;+147
20180606;sea;hou;5;7;9.21778;10.9133;+165;-190
20180606;nyy;tor;3;0;10.2312;8.56778;-158;+138
20180606;atl;sdg;1;3;9.15;9.24125;-126;+106
20180606;nym;bal;0;1;9.45125;9.67;-126;+106
20180607;lad;pit;8;7;8.70875;8.99125;+110;-130
20180607;hou;tex;5;2;11.3356;9.64889;-194;+167
20180607;min;chw;7;2;11.0567;8.73222;-190;+165
20180607;chc;phi;4;3;9.80625;9.35125;-125;+105
20180607;oak;kan;4;1;9.7875;8.97571;-160;+140
20180607;tor;bal;5;4;10.05;9.82111;-127;+107
20180607;det;bos;7;2;8.73444;9.17667;+150;-175
20180607;stl;mia;4;1;10.805;9.06375;-240;+205
20180607;sea;tam;5;4;9.99667;9.20625;-115;-105
20180607;cin;col;7;5;10.78;11.3014;+102;-122
20180608;col;ari;4;9;11.62;12.4117;-110;-110
20180608;mil;phi;12;4;10.2725;9.45833;-107;-113
20180608;tor;bal;5;1;10.1862;9.57;-192;+166
20180608;det;cle;1;4;9.72625;11.0722;+145;-170
20180608;oak;kan;7;2;9.5875;9.275;-172;+147
20180608;was;sfo;5;9;10.4937;8.87667;-200;+170
20180608;pit;chc;1;3;9.3875;10.6625;+144;-168
20180608;stl;cin;7;6;12.7612;11.1788;-136;+116
20180608;tex;hou;3;7;8.54889;11.5588;+185;-215
20180608;lad;atl;7;3;10.68;9.68667;-180;+155
20180608;nyy;nym;4;1;9.44714;8.855;-117;-103
20180608;laa;min;4;2;11.08;9.61;-118;-102
20180608;tam;sea;3;4;9.47286;10.37;-112;-108
20180608;sdg;mia;0;4;9.99875;10.1314;+115;-135
20180608;chw;bos;1;0;7.66714;10.9612;+270;-340
20180609;sfo;was;5;7;10.495;11.96;+170;-200
20180609;col;ari;7;12;14.0983;12.8187;-138;+118
20180609;mil;phi;12;3;10.0175;9.85875;+100;-120
20180609;bos;chw;4;2;9.52111;8.15444;-230;+195
20180609;sdg;mia;5;4;10.1912;9.3775;-129;+109
20180609;nym;nyy;3;4;9.25375;11.7825;+144;-168
20180609;stl;cin;6;4;12.5288;11.9912;-120;+100
20180609;lad;atl;3;5;10.7387;8.31125;-156;+136
20180609;hou;tex;4;3;11.7737;9.61333;-194;+167
20180609;tam;sea;7;3;8.9;9.53667;-133;+113
20180609;det;cle;4;2;9.39222;11.4922;+141;-162
20180609;tor;bal;4;3;8.59556;8.78889;-118;-102
20180609;oak;kan;0;2;10.1944;8.86889;-170;+145
20180609;pit;chc;0;2;8.46875;9.965;+149;-174
20180609;laa;min;2;1;10.5325;10.0389;-110;-110
20180625;tam;was;11;0;8.91222;8.78889;-120;+100
20180625;pit;nym;6;4;9.0175;8.53;-123;+103
20180625;oak;det;5;4;11.3778;9.76778;-115;-105
20180625;tor;hou;6;3;7.72111;10.2233;+210;-250
20180625;atl;cin;5;4;10.6575;10.5475;-157;+137
20180625;nyy;phi;4;2;11.18;10.125;-152;+132
20180625;sdg;tex;4;7;9.86222;10.9611;+115;-135
20180625;sea;bal;5;3;11.0456;9.84889;-120;+100
20180625;ari;mia;5;9;9.90625;8.85625;-133;+113
20180625;stl;cle;4;0;9.31125;10.7413;+104;-124
20180625;kan;laa;2;0;8.38778;10.5178;+163;-188
20180625;chc;lad;1;2;9.46;10.9786;+144;-168
20180627;bos;laa;9;6;10.9233;10.0111;-160;+140
20180627;chc;lad;5;7;8.43333;9.03;+124;-144
20180627;min;chw;1;6;10.1678;8.86333;-153;+133
20180627;hou;tor;7;6;9.95;8.66;-198;+169
20180627;phi;nyy;3;0;9.65625;10.3438;+106;-126
20180627;sea;bal;8;7;10.8211;10.3944;-118;-102
20180627;cle;stl;5;1;10.4338;9.51875;-107;-113
20180627;kan;mil;5;4;8.88625;10.5857;+185;-215
20180627;cin;atl;6;5;10.3575;10.4537;+124;-144
20180627;mia;ari;1;2;8.16125;9.34625;+142;-164
20180627;sfo;col;1;0;9.54143;8.82833;-164;+142
20180627;det;oak;0;3;10.1089;11.4967;+100;-120
20180627;tex;sdg;5;2;10.8244;10.3222;-118;-102
20180627;nym;pit;3;5;9.11375;8.8025;-115;-105
20180628;sfo;col;8;9;9.0325;9.32572;+105;-125
20180628;min;chw;2;1;10.8889;9.12222;-120;+100
20180628;chc;lad;11;5;8.245;9.5975;+160;-185
20180628;phi;was;4;3;10.2688;9.6125;-130;+110
20180628;sea;bal;4;2;10.8378;10.0811;-145;+125
20180628;cin;mil;4;6;10.8575;12.035;+102;-122
20180628;hou;tam;1;0;10.7311;8.23222;-168;+144
20180628;det;oak;2;4;8.85667;9.3;+100;-120
20180628;bos;laa;4;2;11.1344;10.4867;-166;+143
20180628;ari;mia;4;0;9.93625;7.69375;-175;+150
20180703;nyy;atl;8;5;10.6511;9.54;-150;+130
20180703;chw;cin;12;8;10.215;12.25;+200;-235
20180703;lad;pit;8;3;10.7375;7.1825;-255;+215
20180703;bos;was;11;4;11.1075;10.4588;-105;-115
20180703;col;sfo;8;1;12.3443;12.44;-140;+120
20180703;tam;mia;9;6;9.24125;8.89625;-105;-115
20180703;oak;sdg;6;2;9.78333;9.06889;-135;+115
20180703;nym;tor;6;8;9.60778;10.0322;+108;-128
20180703;cle;kan;6;4;10.61;8.28375;-170;+145
20180703;laa;sea;1;4;10.395;9.98333;-103;-117
20180703;ari;stl;4;2;9.985;9.39875;-144;+124
20180703;mil;min;2;0;10.3387;9.13625;-155;+135
20180703;hou;tex;5;3;11.7656;9.59778;-178;+153
20180703;det;chc;3;5;7.88286;9.43875;+180;-210
20180703;bal;phi;2;3;10.4175;10.7475;+148;-173
20180709;det;tam;9;10;7.41222;9.64556;+205;-240
20180709;oak;hou;2;0;8.69555;10.9478;+185;-215
20180709;pit;was;6;3;11.0325;11.5188;-103;-117
20180709;nyy2;bal2;10;2;11.935;9.77375;-205;+175
20180709;cle;cin;5;7;10.7856;9.66444;-187;+162
20180709;kan;min;1;3;9.53889;10.3244;+180;-210
20180709;nym;phi;4;3;9.5675;10.2362;+153;-178
20180709;sdg;lad;2;8;8.1675;12.2914;+225;-270
20180709;bos;tex;5;0;11.4489;9.24556;-205;+175
20180709;bal;nyy;5;4;9.62667;11.7033;+165;-190
20180709;mia;mil;4;3;8.5225;10.2113;+130;-150
20180709;chc;sfo;1;2;9.97625;9.25667;-102;-118
20180709;nym2;phi2;1;3;9.22143;10.15;+115;-135
20180710;bal;nyy;6;5;8.88778;11.9437;+210;-250
20180710;mil;mia;8;4;10.1813;8.35875;-170;+145
20180710;laa;sea;9;3;9.465;9.2225;-160;+140
20180710;kan;min;9;4;11.0556;12.6056;+151;-176
20180710;cle;cin;4;7;10.99;9.57;-240;+205
20180710;bos;tex;8;4;12.3411;10.2478;-235;+200
20180710;hou;oak;6;5;9.6;7.68;-230;+195
20180710;stl;chw;14;2;11.3088;8.88667;-194;+167
20180710;phi;nym;7;3;9.86625;9.56625;-124;+104
20180710;col;ari;3;5;11.8563;12.125;-108;-112
20180710;sdg;lad;4;1;9.19;10.725;+143;-166
20180710;was;pit;5;1;10.4363;9.6775;-128;+108
20180710;tam;det;5;2;9.23667;8.76889;-185;+160
20180710;tor;atl;6;2;10.2863;10.2963;+118;-138
20180710;chc;sfo;2;0;10.235;9.258;-150;+130
20180711;mil;mia;4;5;10.56;8.25;-185;+160
20180711;kan;min;5;8;10.1633;11.7367;+180;-210
20180711;cle;cin;19;4;10.3378;8.90111;-200;+170
20180711;laa;sea;0;3;9.56667;10.67;-112;-108
20180711;atl;tor;9;5;10.4362;9.825;-220;+190
20180711;tam;det;4;2;9.26111;8.09778;-138;+118
20180711;col;ari;19;2;11.6543;12.08;-142;+122
20180711;oak;hou;8;3;7.96889;10.4544;+190;-220
20180711;pit;was;2;0;9.60625;10.4187;+126;-146
20180711;chc;sfo;4;5;10.135;9.785;-112;-108
20180711;nyy;bal;9;0;11.06;8.75889;-183;+158
20180711;tex;bos;2;4;7.65111;11.4233;+330;-460
20180711;nym;phi;3;0;9.04833;8.42875;-145;+125
20180711;sdg;lad;2;4;8.54429;10.6038;+135;-155
20180711;chw;stl;4;0;9.07444;10.8367;+140;-160
20180712;pit;mil;6;3;10.23;10.17;-120;+100
20180712;was;nym;5;4;9.87875;7.50571;-230;+195
20180712;oak;hou;6;4;8.28333;10.0978;+195;-230
20180712;cle;nyy;4;7;8.67556;9.04;+110;-130
20180712;laa;sea;11;2;8.90222;9.37778;+100;-120
20180712;phi;bal;5;4;9.87;9.53;-115;-105
20180712;sdg;lad;2;3;8.7725;12.0617;+175;-205
20180712;bos;tor;6;4;10.7378;9.55333;-180;+155
20180712;min;tam;5;1;9.27;10.4322;+131;-151
20180712;col;ari;5;1;12.7571;12.615;-120;+100
20180720;pit;cin;12;1;10.9457;9.5675;-110;-110
20180720;was;atl;5;8;11.1575;9.3075;-176;+151
20180720;oak;sfo;1;5;9.81778;9.70857;-141;+121
20180720;tor;bal;8;7;9.87333;9.14222;-160;+140
20180720;det;bos;0;1;8.92889;11.5;+190;-220
20180720;stl;chc;18;5;10.9975;11.7637;+130;-150
20180720;tex;cle;8;9;9.5625;11.0575;+175;-205
20180720;mia;tam;6;5;8.93556;9.54778;+147;-172
20180720;ari;col;10;11;10.2238;10.425;-155;+135
20180720;mil;lad;4;6;9.79125;10.9937;+120;-140
20180720;kan;min;6;5;9.40889;9.82778;+118;-138
20180720;laa;hou;1;3;9.295;10.4175;+101;-121
20180720;phi;sdg;11;5;10.66;8.695;-180;+155
20180720;nym;nyy;7;5;9.30222;9.56875;+155;-180
20180720;sea;chw;3;1;10.4;8.64556;-220;+190
20180721;cin;pit;2;6;10.4513;10.2862;-120;+100
20180721;kan;min;4;2;9.50444;10.0567;+132;-152
20180721;cle;tex;16;3;11.6478;9.52111;-186;+161
20180721;laa;hou;0;7;7.8775;10.3978;+165;-190
20180721;det;bos;5;0;9.67333;11.2333;+135;-155
20180721;tor;bal;4;1;10.1656;8.49778;-205;+175
20180721;oak;sfo;4;3;9.61667;9.28;-130;+110
20180721;chc;stl;7;2;9.5575;10.325;-156;+136
20180721;chw;sea;5;0;9.17889;11.66;+180;-210
20180721;nyy;nym;7;6;11.5763;8.73333;-260;+220
20180721;col;ari;6;5;9.78833;9.94125;+125;-145
20180721;stl2;chc2;6;3;10.18;10.295;-;-
20180721;mil;lad;4;2;8.605;11.805;+153;-178
20180721;tam;mia;2;3;9.40555;9.03667;-154;+134
20180818;laa;tex;11;7;11.2075;9.89857;-137;+117
20180818;kan;chw;3;1;9.92625;10.3488;+108;-128
20180818;cle;bal;2;4;10.6389;9.32;-205;+175
20180818;nyy;tor;11;6;12.5962;9.02667;-340;+270
20180818;was;mia;5;7;12.5129;10.3933;-196;+168
20180818;oak;hou;7;1;9.59778;10.0622;-104;-116
20180818;pit;chc;3;1;10.274;9.79714;-150;+130
20180818;det;min;7;5;10.4775;11.1425;+150;-175
20180818;sea;lad;5;4;9.87778;10.8812;+138;-158
20180818;bos;tam;5;2;11.6462;9.59714;-230;+195
20180818;ari;sdg;6;7;10.24;8.69714;-174;+149
20180818;stl;mil;7;2;10.8129;10.572;-166;+143
20180818;cin;sfo;7;1;9.71714;11.7;+143;-166
20180818;atl;col;3;5;10.5037;10.2262;-170;+145
20180818;nym;phi;3;1;9.66125;9.46375;-110;-110
20180722;sea;chw;8;2;10.6778;9.32111;-210;+180
20180722;tor;bal;5;4;10.0356;8.59111;-205;+175
20180722;det;bos;1;9;7.25444;10.2956;+275;-350
20180722;was;atl;6;2;11.685;8.435;-200;+170
20180722;pit;cin;9;2;10.2887;10.09;+100;-120
20180722;oak;sfo;6;5;9.06111;9.26;-132;+112
20180722;tex;cle;5;0;9.87444;11.4478;+147;-172
20180722;lad;mil;11;2;10.59;9.455;-130;+110
20180722;laa;hou;14;5;9.0125;10.7767;+113;-133
20180722;kan;min;5;3;9.59778;11.0611;+123;-143
20180722;phi;sdg;2;10;11.1925;9.70143;-210;+180
20180722;phi2;sdg2;5;0;11.2733;9.01;-;-
20180722;ari;col;6;1;10.6437;9.42333;-177;+152
20180722;chc;stl;7;2;9.555;9.4975;-137;+117
20180722;mia;tam;4;6;8.86;9.78111;+144;-168
20180819;tex;laa;4;2;11.9722;10.6475;-110;-110
20180819;mia;was;12;1;9.26375;12.275;+205;-240
20180819;lad;sea;12;1;11.4533;8.64143;-194;+167
20180819;oak;hou;4;9;7.90333;9.73556;+142;-164
20180819;pit;chc;2;1;9.5225;9.8675;-116;-104
20180819;sdg;ari;3;4;8.53429;10.6657;+180;-210
20180819;nym;phi;8;2;9.86875;12.968;+170;-200
20180819;cin;sfo;11;4;10.2075;10.6337;-110;-110
20180819;kan;chw;6;7;9.24333;10.3622;+138;-158
20180819;cle;bal;8;0;10.9556;8.76333;-280;+230
20180819;tor;nyy;2;10;8.72556;10.0912;+220;-260
20180819;det;min;4;5;9.36444;11.0867;+167;-194
20180819;col;atl;4;2;9.59375;9.9375;+116;-136
20180819;tam;bos;2;0;9.80111;10.8744;+175;-205
20180819;mil;stl;2;1;11.7013;10.3587;-110;-110
20180723;atl;mia;12;1;10.0112;9.28375;-127;+107
20180723;phi;lad;6;7;9.415;11.5725;+140;-163
20180723;pit;cle;7;0;8.50778;11.0467;+240;-290
20180723;oak;tex;15;3;11.0856;10.4844;-112;-108
20180723;was;mil;1;6;10.94;10.0225;-110;-110
20180723;tam;nyy;7;6;7.78444;10.7275;+235;-285
20180723;chw;laa;5;3;9.2775;10.895;+205;-240
20180723;min;tor;8;3;10.2678;10.2033;+107;-127
20180723;chc;ari;1;7;9.92375;10.14;-117;-103
20180723;bal;bos;3;5;8.93;11.4167;+170;-200
20180723;kan;det;4;5;9.70889;10.3167;-108;-112
20180723;cin;stl;2;1;10.825;11.55;-115;-105
20180723;sdg;nym;3;2;7.9675;10.0475;+148;-173
20180724;hou;col;8;2;12.4475;10.9257;-148;+128
20180724;min;tor;5;0;9.28778;8.86333;-117;-103
20180724;chc;ari;1;5;10.1412;8.9275;-168;+144
20180724;bos;bal;6;7;11.3333;9.60222;-162;+141
20180724;mia;atl;9;3;8.99714;9.56125;+117;-137
20180724;tex;oak;10;13;10.5533;10.8567;+103;-123
20180724;lad;phi;4;7;10.2587;10.1412;-101;-119
20180724;pit;cle;9;4;9.32111;10.8211;+148;-173
20180724;was;mil;4;5;10.1375;11.0413;+112;-132
20180724;stl;cin;4;2;12.9025;11.205;-135;+115
20180724;kan;det;5;4;10.1744;10.4422;+101;-121
20180724;laa;chw;2;4;10.78;9.70889;-205;+175
20180724;nym;sdg;6;3;10.8525;10.0887;-127;+107
20180724;sea;sfo;3;4;10.1544;10.2283;-133;+113
20180724;nyy;tam;4;0;10.4637;8.55667;-194;+167
20180725;kan;det;4;8;9.18778;9.65333;-120;+100
20180725;laa;chw;11;3;11.2786;9.27778;-250;+210
20180725;cle;pit;4;0;9.78778;8.50667;-220;+190
20180725;cin;stl;7;3;10.7587;12.1725;+114;-134
20180725;tor;min;6;12;9.39333;10.2033;-101;-119
20180725;oak;tex;6;5;12.3267;11.5822;-136;+116
20180725;was;mil;7;3;10.7788;10.525;+123;-143
20180725;nym;sdg;6;4;9.4775;9.13875;-108;-112
20180725;chc;ari;2;1;9.97375;9.815;-119;-101
20180725;phi;lad;7;3;9.54875;9.765;+113;-133
20180725;col;hou;3;2;11.0157;11.9975;+108;-128
20180725;tam;nyy;3;2;9.01333;10.25;+126;-146
20180725;sea;sfo;3;2;10.6378;9.82222;-145;+125
20180726;nym;pit;12;6;9.8675;9.98;+124;-144
20180726;nyy;kan;7;2;11.8787;8.90222;-310;+255
20180726;chw;laa;8;12;9.61555;11.3625;+165;-190
20180726;was;mia;10;3;10.7413;9.19375;-145;+125
20180726;oak;tex;7;6;12.0333;10.7089;-155;+135
20180726;phi;cin;9;4;11.9762;11.1625;+115;-135
20180726;mil;sfo;7;5;9.87167;9.32143;+100;-120
20180726;ari;chc;6;7;10.9937;10.1938;-117;-103
20180726;min;bos;2;1;9.56;10.7789;+149;-174
20180726;bal;tam;3;4;10.2989;10.9088;+118;-138
20180726;atl;lad;2;8;10.2037;11.6938;+115;-135
20180727;stl;chc;5;2;10.4025;10.1388;-126;+106
20180727;was;mia;9;1;10.7813;7.4325;-250;+210
20180727;pit;nym;5;4;9.6375;9.43286;-144;+124
20180727;oak;col;1;3;12.3138;11.4557;-106;-114
20180727;tor;chw;10;5;10.0222;8.78222;-128;+108
20180727;det;cle;3;8;8.44444;11.7638;+220;-260
20180727;laa;sea;4;3;10.125;10.3337;-136;+116
20180727;bal;tam;15;5;8.01111;10.1111;+138;-158
20180727;tex;hou;11;2;8.31125;10.5389;+230;-280
20180727;sdg;ari;2;6;7.90375;9.89429;+168;-196
20180727;bos;min;4;3;11.4589;7.79;-400;+300
20180727;cin;phi;6;4;9.9075;10.6837;+102;-122
20180727;lad;atl;4;1;11.9075;9.00125;-159;+139
20180727;mil;sfo;3;1;8.742;9.01429;+110;-130
20180730;mil;lad;5;2;9.84143;10.5043;+137;-157
20180730;cle;min;4;5;10.62;9.91889;-150;+130
20180730;tex;ari;9;5;9.4425;10.5288;+175;-205
20180730;sfo;sdg;5;3;10.6329;10.1425;-113;-107
20180730;col;stl;4;5;9.59714;9.6575;+112;-132
20180730;oak;tor;10;1;9.47;9.2475;-145;+125
20180730;bos;phi;2;1;9.62778;9.50445;-158;+138
20180730;mia;atl;3;5;9.82375;11.1838;+157;-182
20180730;sea;hou;2;0;9.25429;9.19875;+101;-121
20180731;oak;tor;6;2;9.94375;9.47;-184;+159
20180731;pit;chc;5;4;9.7425;9.6525;-112;-108
20180731;was;nym;25;4;10.97;9.62625;-182;+157
20180731;hou;sea;5;2;10.4633;9.19571;-164;+142
20180731;min;cle;2;6;8.60111;9.88778;+143;-166
20180731;laa;tam;6;10;9.72778;9.07444;-117;-103
20180731;kan;chw;4;2;9.89625;9.53889;+100;-120
20180731;atl;mia;11;6;10.67;9.27625;-175;+150
20180731;col;stl;6;3;10.3429;9.6225;-108;-112
20180731;nyy;bal;6;3;11.3775;8.10889;-310;+255
20180731;sdg;sfo;2;3;9.2225;10.3763;+100;-120
20180731;ari;tex;6;0;10.83;9.20429;-178;+153
20180731;det;cin;2;1;10.1614;9.43889;-110;-110
20180731;phi;bos;3;1;10.3156;9.95556;+120;-140
20180731;mil;lad;1;0;10.3787;10.9438;+144;-168
20180801;chw;kan;5;10;9.95667;9.57111;-138;+118
20180801;nyy;bal;5;7;10.6675;8.27556;-310;+255
20180801;lad;mil;6;4;11.4671;10.6843;-170;+145
20180801;laa;tam;2;7;9.54889;9.43667;+118;-138
20180801;cle;min;2;0;10.6167;8.79222;-180;+155
20180801;hou;sea;8;3;9.77555;8.91444;-116;-104
20180801;chc;pit;9;2;10.9113;9.915;-145;+125
20180801;oak;tor;8;3;8.65222;8.73889;-139;+119
20180801;was;nym;5;3;9.625;9.55375;-128;+108
20180801;det;cin;7;4;9.53;10.3778;+104;-124
20180801;stl;col;6;3;9.7525;9.44375;-140;+120
20180802;sdg;chc;6;1;10.2525;11.1137;+147;-172
20180802;nym;atl;2;4;10.0525;11.185;+142;-164
20180802;bos;nyy;15;7;10.7567;11.2413;-114;-106
20180802;tex;bal;17;8;11.6189;10.38;-143;+123
20180802;lad;mil;21;5;11.5171;9.39625;-215;+185
20180802;was;cin;10;4;12.105;8.17625;-310;+255
20180802;sea;tor;3;7;10.365;9.86286;-153;+133
20180802;sfo;ari;8;1;8.905;10.015;+152;-177
20180802;chw;kan;6;4;10.1789;9.20222;-140;+120
20180802;phi;mia;5;2;11.7825;10.1925;-194;+167
20180802;col;stl;2;3;9.50875;10.11;+128;-148
20180802;laa;tam;2;4;9.72222;9.46222;+115;-135
20180803;mil;col;5;3;10.9013;10.0843;-135;+115
20180803;cle;laa;4;7;11.6422;9.01111;-280;+230
20180803;kan;min;4;6;10.0333;11.9289;+180;-210
20180803;tex;bal;11;3;13.3025;11.3944;-166;+143
20180803;chc;sdg;5;4;10.205;8.5925;-240;+205
20180803;ari;sfo;6;3;10.545;9.80714;-210;+180
20180803;tor;sea;7;2;9.24125;10.7213;+150;-175
20180803;det;oak;0;1;9.14;9.44125;+167;-194
20180803;stl;pit;6;7;9.26125;10.1275;+143;-166
20180803;chw;tam;3;2;9.18;10.3456;+175;-205
20180803;bos;nyy;4;1;8.89444;9.76875;+105;-125
20180803;nym;atl;1;2;9;8.7575;-155;+135
20180803;lad;hou;1;2;9.69333;9.68833;-110;-110
20180803;phi;mia;5;1;10.1475;9.0025;-178;+153
20180804;sfo;ari;3;9;9.84625;11.28;+130;-150
20180804;col;mil;4;8;8.85;9.26714;+132;-152
20180804;cin2;was2;2;6;10.255;12.77;-;-
20180804;cin;was;7;1;10.4438;12.3863;+150;-175
20180804;min;kan;8;2;10.8244;9.23167;-240;+205
20180804;chc;sdg;5;4;11.9075;9.2775;-280;+230
20180804;hou;lad;14;0;10.3983;10.1225;+106;-126
20180804;stl;pit;8;4;10.0086;10.2283;+101;-121
20180804;phi;mia;8;3;11.9017;10.0483;-180;+155
20180804;tor;sea;5;1;8.27625;10.095;+210;-250
20180804;det;oak;1;2;8.71857;9.89;+153;-178
20180804;bos;nyy;4;1;10.3844;9.2475;-170;+145
20180804;tex;bal;3;1;10.5817;9.805;-153;+133
20180804;nym;atl;3;0;10.29;10.97;+111;-131
20180804;chw;tam;2;1;8.27555;8.64778;+130;-150
20180804;cle;laa;3;0;12.4963;8.69857;-320;+260
20180805;bal;tex;9;6;10.5944;11.8867;+147;-172
20180805;chw;tam;8;7;8.87222;10.0188;+140;-160
20180805;atl;nym;5;4;10.8438;9.5775;-153;+133
20180805;sea;tor;6;3;9.19333;8.61;-160;+140
20180805;sfo;ari;3;2;10.375;10.4875;+150;-175
20180805;col;mil;5;4;10.82;9.835;-103;-117
20180805;det;oak;0;6;8.05111;10.53;+220;-260
20180805;cle;laa;4;3;11.8278;8.78111;-280;+230
20180805;kan;min;5;6;9.38556;9.83556;+113;-133
20180805;bos;nyy;5;4;9.895;10.1214;-115;-105
20180805;chc;sdg;6;10;12.6675;11.0575;-179;+154
20180805;pit;stl;1;2;9.78;10.0175;-101;-119
20180805;was;cin;2;1;11.7963;9.55;-172;+147
20180805;mia;phi;3;5;8.45375;12.0912;+230;-280
20180805;hou;lad;2;3;10.7712;10.2787;-107;-113
20180806;sfo;hou;1;3;8.10375;9.17714;+117;-137
20180806;ari;phi;3;2;9.62125;10.1075;-123;+103
20180806;cle;min;10;0;10.6056;9.03111;-215;+185
20180806;laa;det;6;2;8.94;9.10143;-134;+114
20180806;kan;chc;1;3;8.64444;11.3011;+190;-220
20180806;nym;cin;6;4;10.815;8.78625;-173;+148
20180806;nyy;chw;7;0;11.6388;9.33222;-194;+167
20180806;sea;tex;4;3;11.7644;10.1867;-137;+117
20180806;mia;stl;2;1;8.75875;10.9737;+148;-173
20180806;col;pit;2;0;11.1863;11.05;-138;+118
20180807;hou;sfo;2;1;8.8925;8.32625;-103;-117
20180807;bos;tor;10;7;10.3056;10.1611;-120;+100
20180807;sdg;mil;11;5;9.425;11.0525;+175;-205
20180807;nym;cin;1;6;10.4637;10.1875;-130;+110
20180807;laa;det;11;5;11.2889;9.455;-210;+180
20180807;cle;min;2;3;10.6467;8.43333;-255;+215
20180807;kan;chc;0;5;8.53556;10.4622;+153;-178
20180807;tex;sea;11;4;10.4833;11.2478;+110;-130
20180807;pit;col;10;2;11.6875;11.4838;-112;-108
20180807;was;atl;8;3;11.57;11.1513;-250;+210
20180807;oak;lad;2;4;9.52222;9.6175;+100;-120
20180807;nyy;chw;4;3;10.3825;8.98333;-210;+180
20180807;stl;mia;3;2;9.7775;8.32875;-155;+135
20180807;bal;tam;3;4;8.47222;9.86333;+152;-177
20180807;phi;ari;5;2;8.4575;9.66125;+144;-168
20180807;atl2;was2;3;1;10.6513;11.6;-;-
20180808;tex;sea;11;7;9.18333;11.4689;+146;-171
20180808;atl;was;8;3;12.12;12.715;+120;-140
20180808;bos;tor;10;5;11.7189;10.5267;-164;+142
20180808;nym;cin;8;0;10.8012;8.27875;-220;+190
20180808;sdg;mil;4;8;9.44667;11.4857;+190;-220
20180808;cle;min;5;2;10.4625;8.46778;-215;+185
20180808;kan;chc;9;0;9.46571;12.6829;+200;-235
20180808;laa;det;6;0;9.04222;9.65667;-134;+114
20180808;stl;mia;7;1;10.3317;9.62429;-120;+100
20180808;nyy;chw;7;3;11.02;7.78;-280;+230
20180808;ari;phi;6;0;9.95125;9.1675;-194;+167
20180808;lad;oak;2;3;10.8778;8.67625;-185;+160
20180808;col;pit;3;4;10.5887;11.31;-127;+107
20180808;bal;tam;5;4;8.7125;10.2513;+155;-180
20180809;sea;hou;8;6;8.30556;8.75889;+120;-140
20180809;sdg;mil;8;4;8.99875;10.855;+165;-190
20180809;bos;tor;5;8;11.1978;9.73889;-172;+147
20180809;nyy;tex;7;3;11.3275;8.91555;-240;+205
20180809;pit;sfo;10;5;8.785;9.21714;+130;-150
20180809;was;atl;6;3;10.88;9.7075;-122;+102
20180809;col;lad;5;8;11.865;12.8263;+122;-142
20180809;min;cle;4;5;7.80444;10.0022;+190;-220
20180809;bal;tam;4;5;8.92889;10.7;+180;-210
20180810;lad;col;4;5;12.28;12.1425;-105;-115
20180810;tex;nyy;12;7;8.98889;10.42;+200;-235
20180810;bos;bal;19;12;12.48;9.7925;-255;+215
20180810;pit;sfo;10;13;8.98429;9.26714;+107;-127
20180810;oak;laa;3;4;11.1156;9.82555;-140;+120
20180810;was;chc;2;3;9.81875;10.0087;+120;-140
20180810;tam;tor;7;0;10.1022;9.11889;-128;+108
20180810;atl;mil;10;1;9.97125;10.6625;-110;-110
20180810;sdg;phi;2;0;9.31286;10.0887;+142;-164
20180810;nym;mia;6;2;9.9;8.73286;-128;+108
20180810;stl;kan;7;0;11.1289;9.54111;-153;+133
20180810;cle;chw;0;1;10.3944;9.23778;-153;+133
20180810;det;min;5;3;9.32222;10.4011;-108;-112
20180810;sea;hou;5;2;8.61444;9.40778;+185;-215
20180810;cin;ari;3;0;10.6375;12.08;+117;-137
20180813;atl2;mia2;6;1;11.2525;8.94;-;-
20180813;oak;sea;7;6;9.13778;9.5575;-140;+120
20180813;was;stl;6;7;11.0162;10.715;+123;-143
20180813;det;chw;9;5;9.61;10.3933;-110;-110
20180813;tor;kan;1;3;10.5233;9.57778;-140;+120
20180813;atl;mia;9;1;11.2275;8.655;-320;+260
20180813;cle;cin;10;3;12.15;9.7075;-190;+165
20180813;laa;sdg;6;3;9.95625;9.70625;+105;-125
20180813;tex;ari;5;3;9.60556;11.7256;+157;-182
20180813;nym;nyy;8;5;8.45556;9.595;+185;-215
20180813;lad;sfo;2;5;10.34;8.025;-210;+180
20180814;atl;mia;10;6;11.3013;9.31;-220;+190
20180814;laa;sdg;7;3;8.78;9.49833;+105;-125
20180814;cle;cin;8;1;11.8788;8.7525;-230;+195
20180814;kan;tor;5;6;9.08875;10.5133;+130;-150
20180814;mil;chc;7;0;11.1637;11.4062;+124;-144
20180814;det;chw;3;6;9.70889;9.40222;-137;+117
20180814;stl;was;6;4;9.8625;11.195;-110;-110
20180814;col;hou;5;1;7.80667;9.64889;+185;-215
20180814;tex;ari;4;6;9.58;11.76;+152;-177
20180814;oak;sea;3;2;8.66778;10.0078;+118;-138
20180814;pit;min;2;5;10.5056;9.52667;-133;+113
20180814;bal;nym;6;3;10.8333;10.5322;-105;-115
20180814;nyy;tam;4;1;10.4862;8.45222;-230;+195
20180814;lad;sfo;1;2;11.2243;9.56333;-210;+180
20180814;phi;bos;1;2;9.97625;11.2125;+115;-135
20180815;chc;mil;8;4;11.8587;11.925;-153;+133
20180815;min;pit;6;4;8.36;8.83333;-112;-108
20180815;hou;col;12;1;9.91;8.63;-215;+185
20180815;nym;bal;16;5;10.6767;9.85444;-133;+113
20180815;sdg;laa;2;3;10.2586;10.1817;-125;+105
20180815;kan;tor;5;6;8.88556;10.91;+111;-131
20180815;cle;cin;4;3;12.255;9.67875;-175;+150
20180815;phi;bos;7;4;10.3538;10.7238;-102;-118
20180815;tam;nyy;6;1;10.5511;11.58;+170;-200
20180815;det;chw;5;6;9.27778;10.3833;-110;-110
20180815;sfo;lad;3;4;10.874;11.65;+162;-187
20180815;was;stl;2;4;11.6329;10.2987;+100;-120
20180815;oak;sea;0;2;9.80889;10.39;-114;-106
20180815;atl;mia;5;2;11.6586;9.57714;-255;+215
20180816;nym2;phi2;6;9;11.1233;11.6829;+180;-210
20180816;min;det;15;8;10.57;9.28555;-170;+145
20180816;chc;pit;1;0;10.5662;9.4225;-130;+110
20180816;nym;phi;24;4;10.6812;11.8713;-;-
20180816;sdg;ari;1;5;9.1025;9.88375;+132;-152
20180816;col;atl;5;3;10.325;10.2275;-108;-112
20180816;tor;kan;2;6;9.86778;9.01889;-142;+122
20180816;tex;laa;8;6;11.7389;11.1722;-113;-107
20180816;stl;was;4;5;10.6725;11.7237;-115;-105
20180816;tam;nyy;3;1;9.63667;10.505;+165;-190
20180820;stl;lad;5;3;9.72167;12.01;+170;-200
20180820;oak;tex;9;0;10.2587;9.0575;-210;+180
20180820;pit;atl;0;1;9.96;9.82375;-128;+108
20180820;tor;bal;5;3;10.0122;9.15444;-180;+155
20180820;sea;hou;7;4;9.47625;10.0514;+150;-175
20180820;min;chw;5;8;10.4111;9.50222;-168;+144
20180820;mil;cin;5;2;12.015;9.54625;-250;+210
20180820;cle;bos;5;4;9.94111;8.99556;-106;-114
20180820;kan;tam;0;1;8.27667;10.6122;+200;-235
20180820;nym;sfo;1;2;9.5975;10.1;-106;-114
20180821;atl;pit;6;1;10.8937;9.77875;-132;+112
20180821;sfo;nym;3;6;9.23875;8.775;+102;-122
20180821;ari;laa;5;4;10.9575;8.81286;-250;+210
20180821;oak;tex;6;0;10.4386;7.96;-240;+205
20180821;was;phi;10;4;10.6988;9.96875;-140;+120
20180821;tor;bal;8;2;9.31111;9.26778;-135;+115
20180821;det;chc;2;1;8.29;10.7289;+180;-210
20180821;cin;mil;9;7;9.13125;11.0462;+185;-215
20180821;cle;bos;6;3;10.2011;10.3756;+141;-162
20180821;kan;tam;1;4;7.69375;10.6311;+240;-290
20180821;sdg;col;4;3;10.3188;10.965;+148;-173
20180821;stl;lad;5;2;10.2329;11.6243;+180;-210
20180821;min;chw;5;2;9.75889;9.23444;-110;-110
20180821;hou;sea;3;2;9.92;9.44714;-140;+120
20180821;mia;nyy;1;2;8.02;10.1157;+200;-235
20180822;mil;cin;4;0;10.795;8.13;-285;+235
20180822;cle;bos;4;10;9.53222;8.85889;-112;-108
20180822;kan;tam;3;6;8.43889;9.68889;+164;-189
20180822;laa;ari;1;5;9.47333;11.0788;+190;-220
20180822;nym;sfo;5;3;9.4525;8.2975;-159;+139
20180822;sdg;col;2;6;9.52572;11.48;+225;-270
20180822;chc;det;8;2;11.5356;9.27111;-194;+167
20180822;min;chw;3;7;9.29889;9.09333;-105;-115
20180822;hou;sea;10;7;9.57889;9.01333;-160;+140
20180822;phi;was;7;8;9.2125;10.8188;+130;-150
20180822;oak;tex;2;4;9.64778;9.82778;-164;+142
20180822;pit;atl;1;2;10.0925;10.3263;-106;-114
20180822;tor;bal;6;0;10.8444;9.28667;-178;+153
20180822;mia;nyy;9;3;8.31375;9.83714;+154;-179
20180822;stl;lad;3;1;9.90286;11.0563;+151;-176
20180823;chc;cin;7;1;12.88;10.3463;-220;+190
20180823;min;oak;6;4;9.38556;11.7656;+162;-187
20180823;kan;tam;3;4;8.25778;9.67667;+155;-180
20180823;cle;bos;0;7;8.81889;10.5367;+195;-230
20180823;det;chw;7;2;9.45778;9.31667;-135;+115
20180823;phi;was;2;0;8.37625;9.155;+145;-170
20180823;atl;mia;5;0;10.9237;9.235;-198;+169
20180823;sfo;nym;3;1;8.11625;8.81125;+138;-158
20180823;col;sdg;4;3;11.5457;10.1588;-210;+180
20180827;nym;chc;4;7;12.5575;12.715;+128;-148
20180827;hou;oak;11;4;10.6989;8.56333;-200;+170
20180827;bal;tor;7;0;10.2744;11.8311;+120;-140
20180827;col;laa;7;10;9.74125;8.46556;-154;+134
20180827;chw;nyy;6;2;8.85556;10.6978;+215;-255
20180827;was;phi;5;3;11.4488;10.3488;-112;-108
20180827;sfo;ari;2;0;7.93857;9.545;+159;-184
20180828;cin;mil;9;7;10.7013;12.3775;+117;-137
20180828;atl;tam;9;5;11.2013;10.4638;-135;+115
20180828;bal;tor;12;5;10.5089;11.8511;+111;-131
20180828;stl;pit;5;2;10.4663;9.70875;-176;+151
20180828;oak;hou;4;3;9.08444;11.0967;+185;-215
20180828;was;phi;5;4;9.97875;9.05125;-117;-103
20180828;det;kan;2;6;9.24333;8.56667;-101;-119
20180828;mia;bos;7;8;9.72667;11.9433;+240;-290
20180828;nyy;chw;5;4;12.265;9.47;-255;+215
20180828;lad;tex;8;4;13.4533;10.8311;-235;+200
20180828;col;laa;3;2;9.68833;9.04;-130;+110
20180828;cle;min;8;1;10.8678;8.95667;-240;+205
20180828;sea;sdg;1;2;10.7288;9.30857;-125;+105
20180828;chc;nym;1;1;12.6325;12.2013;-126;+106
20180828;sfo;ari;1;0;8.9725;8.92875;-113;-107
20180830;det;nyy;8;7;8.56333;11.5333;+275;-350
20180830;chw;bos;4;9;8.43111;11.1422;+190;-220
20180830;mil;cin;2;1;12.1512;10.4025;-156;+136
20180830;cle;min;5;3;10.6067;9.04778;-220;+190
20180830;laa;hou;5;2;7.99444;10.5256;+230;-280
20180830;atl;chc;4;5;10.2687;10.6163;-135;+115
20180830;lad;ari;1;3;10.7112;9.38714;-164;+142
20180830;sea;oak;7;1;9.95125;9.96375;+121;-141
20180830;stl;pit;5;0;9.8;10.1688;-125;+105
20180830;sdg;col;3;2;8.94857;11.1267;+144;-161
20180831;stl;cin;12;5;11.1475;10.0913;-196;+168
20180831;min;tex;10;7;11.0389;10.7489;+107;-127
20180831;chc;phi;1;2;10.1787;10.1575;-103;-117
20180831;kan;bal;9;2;10.1044;9.90444;-130;+110
20180831;laa;hou;3;0;9.67889;10.8967;+169;-198
20180831;cle;tam;3;0;10.4389;8.01889;-198;+169
20180831;nyy;det;7;5;9.68;6.97556;-380;+290
20180831;chw;bos;6;1;8.42778;10.3;+145;-170
20180831;ari;lad;2;3;9.97875;10.23;+117;-137
20180831;sfo;nym;7;0;8.722;8.44667;-110;-110
20180831;oak;sea;7;5;9.65222;9.85334;-143;+123
20180831;was;mil;1;4;10.7137;10.9175;-120;+100
20180831;pit;atl;3;2;9.535;9.59375;+112;-132
20180831;sdg;col;7;0;8.93857;10.6667;+110;-130
20180831;mia;tor;5;6;8.735;9.5625;-105;-115
20180902;tor;mia;6;1;9.3825;8.53375;-110;-110
20180902;det;nyy;11;7;7.96;10.4789;+230;-280
20180902;oak;sea;8;2;9.66444;10.1011;-121;+101
20180902;was;mil;4;9;11.43;12.195;+100;-120
20180902;pit;atl;1;5;9.86625;11.3287;+159;-184
20180902;tex;min;18;4;10.6289;10.5967;-108;-112
20180902;tam;cle;6;4;9.16333;10.5767;+185;-215
20180902;hou;laa;4;2;11.97;8.64714;-220;+190
20180902;chc;phi;8;1;9.76125;10.2675;+105;-125
20180902;chw;bos;8;0;9.50667;12.1156;+175;-205
20180902;cin;stl;6;4;9.99;10.205;+138;-158
20180902;nym;sfo;4;1;8.835;7.845;-153;+133
20180902;sdg;col;3;7;9.51125;10.5013;+137;-157
20180902;kan;bal;9;1;9.59;10.0489;-130;+110
20180902;lad;ari;3;2;10.3237;8.86125;-190;+165
20180903;sfo;col;8;9;10.3714;11.3514;+126;-146
20180903;cin;pit;1;5;9.91375;10.6837;+122;-142
20180903;kan;cle;5;1;9.885;11.3289;+175;-205
20180903;laa;tex;3;1;11.0313;11.4237;+111;-131
20180903;stl;was;3;4;8.98875;10.5875;+160;-185
20180903;oak;nyy;6;3;9.51375;10.0212;-121;+101
20180903;chc;mil;3;4;11.0388;9.86625;-132;+112
20180903;min;hou;1;4;8.36556;10.24;+215;-255
20180903;chw;det;4;2;9.48889;9.21778;-125;+105
20180903;bos;atl;8;2;11.025;10.3488;-128;+108
20180903;lad;nym;2;4;9.56429;8.53286;-151;+131
20180903;bal;sea;1;2;8.81857;11.0644;+210;-250
20180903;phi;mia;1;3;10.1188;8.6375;-150;+130
20180903;tor;tam;1;7;9.102;11.424;-108;-112
20180903;ari;sdg;2;6;11.4517;8.86857;-230;+195
20180904;mil;chc;11;1;10.7025;11.335;-108;-112
20180904;cin;pit;3;7;10.0375;10.6675;+120;-140
20180904;cle;kan;9;3;11.2733;8.93111;-240;+205
20180904;laa;tex;2;4;11.4167;10.6822;-110;-110
20180904;lad;nym;11;4;11.1357;8.1875;-255;+215
20180904;mia;phi;4;9;8.42714;9.80875;+120;-140
20180904;det;chw;8;3;9.17333;9.7175;+143;-166
20180904;tor;tam;0;4;10.6222;10.4444;+109;-129
20180904;stl;was;11;8;10.65;10.825;-108;-112
20180904;sea;bal;3;5;10.7743;8.70714;-210;+180
20180904;oak;nyy;1;5;9.31875;9.66889;+110;-130
20180904;hou;min;5;2;10.5611;7.06667;-310;+255
20180904;col;sfo;6;2;11.595;10.4462;-194;+167
20180904;sdg;ari;0;6;9.905;10.4725;+160;-185
20180904;atl;bos;1;5;9.96375;11.0363;+116;-136
20180905;laa;tex;9;3;10.53;11.2978;+111;-131
20180905;cle;kan;3;1;10.6222;7.55556;-350;+275
20180905;tam;tor;3;10;10.6744;9.97667;-148;+128
20180905;col;sfo;5;3;11.34;10.0071;-159;+139
20180905;bos;atl;9;8;9.455;10.2513;+144;-168
20180905;hou;min;9;1;10.3556;8.70444;-240;+205
20180905;det;chw;10;2;8.39333;9.58889;+137;-157
20180905;stl;was;7;6;10.4475;9.9975;-117;-103
20180905;sea;bal;5;2;10.87;8.78;-250;+210
20180905;chc;mil;6;4;10.8563;10.1437;-115;-105
20180905;oak;nyy;8;2;8.43125;9.76;+127;-147
20180905;pit;cin;3;2;11.1137;9.6825;-192;+166
20180905;lad;nym;3;7;11.0413;9.225;-187;+162
20180905;mia;phi;2;1;8.59125;10.815;+167;-194
20180906;cle;tor;9;4;10.3489;8.8175;-168;+144
20180906;cin;sdg;2;6;10.7212;10.0775;-166;+143
20180906;chc;was;6;4;10.35;9.95;-115;-105
20180906;ari;atl;6;7;10.2383;9.53625;-168;+144
20180907;cin;sdg;12;6;11.1125;10.3512;-153;+133
20180907;ari;atl;5;3;9.50375;9.10375;-182;+157
20180907;tam;bal;14;2;9.26556;7.85667;-290;+240
20180907;det;stl;5;3;9.27333;10.2189;+128;-148
20180907;tor;cle;3;2;8.30667;10.5144;+215;-255
20180907;oak;tex;8;4;10.1178;9.30333;-187;+162
20180907;pit;mia;5;3;10.4475;7.96625;-220;+190
20180907;mil;sfo;4;2;10.6375;9.51;-183;+158
20180907;chw;laa;2;5;9.00556;9.61555;+100;-120
20180907;kan;min;6;10;9.95222;10.95;+143;-166
20180907;nym;phi;3;4;8.12125;9.805;+143;-166
20180907;col;lad;2;4;9.3725;12.05;+133;-153
20180907;nyy;sea;4;0;8.77875;9.05222;-114;-106
20180907;bos;hou;3;6;9.39;9.77778;-108;-112
20180908;cin;sdg;7;2;9.9875;10.5162;-120;+100
20180908;cle;tor;9;8;10.7778;9.69111;-142;+122
20180908;laa;chw;12;3;11.0175;9.27778;-140;+120
20180908;kan;min;4;1;8.63444;10.4389;+190;-220
20180908;tex;oak;6;8;9.84667;11.3211;+154;-179
20180908;was;chc;10;3;9.92;9.73375;+153;-178
20180908;pit;mia;5;1;9.50875;8.17125;-162;+141
20180908;det;stl;4;3;8.01778;9.57;+152;-177
20180908;nym;phi;10;5;9.17875;8.715;-146;+126
20180908;was2;chc2;6;5;10.184;10;-;-
20180908;bal;tam;5;10;8.74778;10.2156;+210;-250
20180908;bos;hou;3;5;10.0011;10.1867;-125;+105
20180908;col;lad;4;2;11.2375;12.3237;+108;-128
20180908;mil;sfo;4;3;10.2238;8.4675;-190;+165
20180908;nyy;sea;4;2;9.78444;9.55889;-120;+100
20180908;atl;ari;5;4;10.8013;10.8663;+115;-135
20180909;atl;ari;9;5;9.92;9.9225;+122;-142
20180909;col;lad;6;9;11.4188;12.1488;-104;-116
20180909;tex;oak;3;7;9.05444;10.1556;+205;-240
20180909;cin;sdg;6;7;9.91875;9.66;-140;+120
20180909;mil;sfo;6;3;10.0738;9.01625;-148;+128
20180909;bos;hou;6;5;10.3412;10.1556;-115;-105
20180909;nym;phi;6;4;8.1075;9.78625;-173;+148
20180909;tor;cle;6;2;8.65111;10.6967;+162;-187
20180909;det;stl;2;5;9.07;9.85667;+118;-138
20180909;tam;bal;8;3;9.80222;7.98;-260;+220
20180909;min;kan;3;1;10.2556;10.21;-131;+111
20180909;laa;chw;1;0;10.17;8.44445;-152;+132
20180909;sea;nyy;3;2;8.38778;8.68444;+108;-128
20180910;cle;tam;5;6;9.72444;7.60333;-166;+143
20180910;laa;tex;2;5;9.45625;9.59;-130;+110
20180910;kan;chw;4;3;9.20222;9.26778;-130;+110
20180910;cin;lad;10;6;9.01375;11.6063;+185;-215
20180910;col;ari;13;2;11.5788;11.6363;-153;+133
20180910;nyy;min;7;2;11.3687;9.195;-177;+152
20180910;stl;pit;8;7;9.185;9.3525;-135;+115
20180910;atl;sfo;4;1;9.51875;8.65571;-126;+106
20180910;mil;chc;3;2;10.0717;9.92625;+120;-140
20180910;hou;det;3;2;11.5644;6.875;-350;+275
20180911;bal;oak;2;3;9.71222;11.7789;+165;-190
20180911;was2;phi2;7;6;11.668;11.206;-;-
20180911;nyy;min;5;10;12.8071;9.47286;-186;+161
20180911;nym;mia;3;5;9.63875;7.4425;-270;+225
20180911;sdg;sea;2;1;8.57375;10.235;+180;-210
20180911;hou;det;5;4;10.78;8.82222;-194;+167
20180911;chc;mil;3;0;10.1263;9.93167;-127;+107
20180911;ari;col;6;3;11.9767;10.9287;-127;+107
20180911;kan;chw;6;3;9.53667;9.68444;-118;-102
20180911;cle;tam;2;0;10.3144;8.78778;-140;+120
20180911;laa;tex;1;0;11.1733;10.595;-172;+147
20180911;tor;bos;2;7;8.50556;11.2767;+270;-340
20180911;cin;lad;3;1;9.30375;10.69;+154;-179
20180911;was;phi;3;1;10.5787;10.9712;+123;-143
20180911;pit;stl;5;11;9.26375;9.1;+126;-146
20180911;atl;sfo;4;1;9.44375;8;-154;+134
20180912;kan;chw;2;4;8.26778;9.44667;+110;-130
20180912;laa;tex;8;1;10.8463;10.2733;-185;+160
20180912;cle;tam;1;3;8.28667;7.85444;-106;-114
20180912;mil;chc;5;1;8.705;9.60625;+145;-170
20180912;col;ari;5;4;10.8462;11.1588;+103;-123
20180912;nym;mia;13;0;9.515;9.04;-;-
20180912;sdg;sea;5;4;8.83667;9.07222;+133;-153
20180912;oak;bal;10;0;11.7222;8.57;-220;+190
20180912;was;phi;5;1;9.46875;9.04375;+114;-134
20180912;pit;stl;4;3;9.555;9.41125;+102;-122
20180912;lad;cin;8;1;12.4937;9.83375;-194;+167
20180912;hou;det;5;4;10.7656;7.75444;-285;+235
20180912;tor;bos;0;1;8.46778;11.0733;+235;-285
20180912;sfo;atl;1;2;8.42625;9.3325;+127;-147
20180912;min;nyy;3;1;8.77222;11.64;+200;-235
20180913;min;kan;4;6;10.3643;9.65875;-120;+100
20180913;chc;was;4;3;11.0425;10.4875;-121;+101
20180913;mia;nym;3;4;9.605;9.82375;+170;-200
20180913;lad;stl;9;7;10.9771;8.36286;-184;+159
20180913;sea;laa;8;2;10.71;9.97;-106;-114
20180913;col;ari;10;3;11.595;11.5363;-130;+110
20180913;tor;bos;3;4;9.26286;10.7925;+205;-240
20180913;mia2;nym2;2;5;9.4;9.68;+145;-170
20180913;oak;bal;3;5;12.0171;9.81429;-187;+162
20180914;atl;was;10;5;8.8475;10.8425;+138;-158
20180914;phi;mia;14;2;10.6912;8.9475;-190;+165
20180914;tex;sdg;4;0;9.40667;11.1171;+123;-143
20180914;lad;stl;3;0;10.7212;9.53625;-123;+103
20180914;bal;chw;6;8;9.90625;10.7389;+102;-122
20180914;kan;min;8;4;8.77;9.89333;+120;-140
20180914;cle;det;4;5;10.7267;9.43667;-205;+175
20180914;laa;sea;0;5;10.595;10.7144;-135;+115
20180914;nyy;tor;11;0;11.4722;8.37667;-330;+265
20180914;nym;bos;8;0;10.0278;10;+102;-122
20180914;mil;pit;7;4;9.9075;9.86875;-155;+135
20180914;chc;cin;3;2;10.2813;8.80375;-215;+185
20180914;oak;tam;2;1;9.71556;9.82222;+110;-130
20180914;ari;hou;4;2;8.75;10.5363;+163;-188
20180914;sfo;col;2;0;8.41167;9.79143;+100;-120
20180915;lad;stl;17;4;11.9562;10.0388;-160;+140
20180915;was;atl;7;1;11.5163;11.445;+110;-130
20180915;oak;tam;5;7;9.61667;8.86444;-110;-110
20180915;pit;mil;3;1;9.52;10.63;+152;-177
20180915;tor;nyy;8;7;9.23667;11.6589;+200;-235
20180915;det;cle;0;15;8.31556;10.3911;+240;-290
20180915;kan;min;10;3;10.1156;10.3622;-110;-110
20180915;laa;sea;5;6;9.83375;10.2457;-145;+125
20180915;hou;ari;10;4;10.215;8.71778;-180;+155
20180915;nym;bos;3;5;9.54;11.8467;+230;-280
20180915;sdg;tex;3;6;10.26;9.99375;-137;+117
20180915;phi;mia;5;4;11.9063;9.03;-220;+190
20180915;chw;bal;2;0;9.63;9.30125;-112;-108
20180915;cin;chc;0;1;9.3325;10.3962;+190;-220
20180915;sfo;col;3;0;8.28167;9.995;+130;-150
20180917;mia;was;8;5;8.39375;10.3637;+142;-164
20180917;lad;col;8;2;9.85375;9.56714;-158;+138
20180917;kan;pit;6;7;8.7475;9.76375;+145;-170
20180917;mil;cin;8;0;10.6475;9.915;-190;+165
20180917;chc;ari;5;1;9.65625;9.6275;+118;-138
20180917;min;det;6;1;10.2033;9.10889;-120;+100
20180917;nym;phi;9;4;8.90625;9.7025;+138;-158
20180917;sdg;sfo;2;4;9.47625;9.26875;-114;-106
20180917;tor;bal;5;0;10.2467;9.55667;-130;+110
20180917;stl;atl;11;6;9.575;9.62375;+120;-140
20180917;tam;tex;3;0;11.74;10.7011;-143;+123
20180917;sea;hou;4;1;9.95;10.4562;+141;-162
20180918;cin;mil;3;1;9.25375;10.2312;+180;-210
20180918;laa;oak;9;7;8.54556;9.63889;+128;-148
20180918;cle;chw;5;3;10.6322;7.66778;-290;+240
20180918;kan;pit;1;2;8.68875;10.515;+200;-235
20180918;phi;nym;5;2;10.3825;8.75375;-198;+169
20180918;sfo;sdg;5;4;7.57875;8.7225;+150;-175
20180918;hou;sea;7;0;10.0825;9.21556;-170;+145
20180918;chc;ari;9;1;10.9737;10.545;-112;-108
20180918;min;det;5;3;9.60222;9.16222;-115;-105
20180918;stl;atl;8;1;10.3175;10.43;+105;-125
20180918;nyy;bos;3;2;9.85889;9.00222;-176;+151
20180918;mia;was;2;4;7.70375;11.3663;+200;-235
20180918;col;lad;2;3;7.5625;9.6975;+190;-220
20180918;tam;tex;4;0;12.1933;9.46556;-210;+180
20180918;tor;bal;6;4;9.94333;9.32125;-125;+105
20180919;nyy;bos;10;1;10.93;9.57889;-147;+127
20180919;oak;laa;10;0;10.1256;9.82444;-148;+128
20180919;pit;kan;2;1;10.415;8.315;-220;+190
20180919;sea;hou;9;0;9.08667;9.82375;+167;-194
20180919;atl;stl;7;3;10.3363;10.285;+101;-121
20180919;ari;chc;9;0;8.715;10.615;+145;-170
20180919;tam;tex;9;3;11.4978;9.92333;-152;+132
20180919;sdg;sfo;8;4;9.3825;8.31875;-160;+140
20180919;nym;phi;0;4;9.84875;9.05375;-130;+110
20180919;cle;chw;4;1;11.3889;7.78778;-370;+285
20180919;mil;cin;7;0;11.1887;9.82875;-182;+157
20180919;min;det;8;2;9.39111;8.42333;-120;+100
20180919;tor;bal;1;2;10.9278;9.92625;-130;+110
20180919;lad;col;5;2;9.8;8.405;-220;+190
